4.543782527144242636e+02 1.336392500205927547e+02 3.930524632148521391e+01 1.156024437547030281e+01 3.400035937379236373e+00 -1.502986135871093587e-01
-1.414525218485123332e+02 5.253981698532911793e+01 -1.951490388985885716e+01 7.248435485353312835e+00 -2.692291864815795410e+00 -6.298796057963507167e-01
-1.376627644440846154e+01 8.148040691206785979e+00 -4.822696055368542289e+00 2.854477306129230119e+00 -1.689519844846230301e+00 -1.297476901257941240e+00
2.310714086479653773e+01 1.233096228685924167e+01 6.580330808109424723e+00 3.511546993400379346e+00 1.873912216033712497e+00 1.395132267738221632e+00
4.809996621088249991e-01 5.568212706559623193e-01 6.445948965859613633e-01 7.462045769465384115e-01 8.638313359369051980e-01 1.970053162814678904e-01
-7.523933234505257670e-05 5.025230030861958493e-04 -3.356347813835619531e-03 2.241702484912294971e-02 -1.497231606970776951e-01 5.538330429964007928e-01
-2.136677892458957473e+01 1.158220493947659158e+01 -6.278319803536449584e+00 3.403263865684909462e+00 -1.844793719006249555e+00 -9.823247675747664998e-01
-1.180830147164691226e+02 4.547261666882776865e+01 -1.751106094026376070e+01 6.743338688574656459e+00 -2.596793924934101661e+00 -3.901754984459152586e-01
2.970181592143354692e+02 9.511004819807278921e+01 3.045578523605344401e+01 9.752438064303346366e+00 3.122889377532183097e+00 3.222887906789842494e-02
6.414633234890413371e-01 7.010313888607164756e-01 7.661311101855705630e-01 8.372761723951759327e-01 9.150279626302006974e-01 6.417622168955567918e-01
-4.782523683970914021e+02 1.392277175513881673e+02 -4.053164942922844460e+01 1.179947954578455871e+01 -3.435037051588317070e+00 -6.122977208045864428e-01
-8.477379634565903643e+01 3.488263677337270963e+01 -1.435347242562603221e+01 5.906152450908519036e+00 -2.430257692284610194e+00 -5.985955932980128180e-01
9.577269191975859020e-01 9.660360991561187660e-01 9.744173690498925122e-01 9.828713543267596497e-01 9.913986858609202812e-01 4.579409814442478299e-01
-2.092992537558659622e-07 4.535384838532228995e-06 -9.827897264068250979e-05 2.129644298593600781e-03 -4.614806928348791359e-02 7.312770856025476718e-01
-4.009801727694870692e+02 1.209200502282398588e+02 -3.646479187789082488e+01 1.099636531896971192e+01 -3.316076796301574259e+00 -1.220808360801490244e-01
3.531754719041684325e+02 1.092427004651024589e+02 3.379047684304160981e+01 1.045192329024196631e+01 3.232943440619084896e+00 -1.412189575352433002e-01
-3.568702963267237349e-01 4.385391002039211172e-01 -5.388975893684189167e-01 6.622228478419640574e-01 -8.137707587779030582e-01 3.663273420366397470e-01
1.000843137269723071e+00 1.000674452964512851e+00 1.000505797089726867e+00 1.000337169640573176e+00 1.000168570612260943e+00 1.466885852376006216e+00
-2.409371268757620328e+02 8.044943191710551389e+01 -2.686224070033965816e+01 8.969360730682288008e+00 -2.994889101566581946e+00 4.406959071759566360e-01
-2.783798331082305211e+01 1.431232587691685332e+01 -7.358387628870500130e+00 3.783163474780974145e+00 -1.945035597304320296e+00 -4.503473379099465768e-01
