3.915800363972714422e+02 3.799954478637403099e+02 -1.912184374935424103e+01 -1.524237035703095557e+02 4.007558970979380319e+01 3.734726521681008080e+02 -3.831027584400424075e+02 1.492951880130675590e+02 3.078935057759489382e+02 8.533870288776188318e+01 -2.895240637331528433e+01 -4.063287719315964637e+02 -4.124263925451825230e+02 3.007714845008945304e+02 -4.273967877932079773e+02 3.862088248025622761e+02 -3.630556478738914166e+02 -4.516907559227787488e+02 -3.805742924313270237e+02 -4.116463559265512799e+02 9.493671417771223560e+02
2.337180112161140642e+02 -4.412734131959149408e+01 -1.318051872124206056e+02 -1.419993885981843960e+02 -4.533234209960606904e+02 2.006437817414534948e+02 -4.379986517209988506e+01 3.581509976643303617e+01 -1.150689370234896387e+02 -6.069088158819045020e+01 4.737577555074203701e+02 -2.700897445322393651e+02 1.390964736755173590e+02 2.897264477792056141e+02 2.545584280174143714e+02 -1.843628733859712270e+02 -3.340283237548646866e+01 -4.187510620507699741e+02 3.760971228821344994e+02 2.655077584095062093e+02 -4.086624368584065223e+02
-1.394048540698981355e+02 2.082387141517281179e+02 -3.015797400650876625e+02 2.212254594621549586e+02 3.540638680907644584e+02 4.828266104046894043e+02 1.361422803786964550e+02 3.874616633807897870e+01 -7.978459000993842665e+01 1.215735785663105162e+02 3.833152673626728983e+02 1.472946832770783203e+02 -2.075869241936824210e+02 3.455866784052675484e+02 4.046876200406234148e+01 -4.643309759417485338e+02 2.767296279680963380e+02 -1.557963845589943617e+02 4.718665481469452061e+01 -2.675673970790919611e+02 -8.370681287099796464e+02
1.417376983248515216e+02 -5.559185075649588725e+01 2.165049300088520567e+02 1.442059886483214086e+02 -3.432205664514417549e+02 -4.536185991311173211e+02 -3.596593596325924409e+02 2.848515614957233311e+02 1.759948933198558052e+02 -4.220477981387318778e+01 4.816111796755310479e+02 4.925563862665561601e+02 3.394589543015292747e+02 -4.162283519191191203e+02 -3.754195663734731738e+02 -1.078015112922549292e+02 1.453336352285417661e+02 4.003591960819011319e+02 -4.470970401412033084e+02 1.490253798936561225e+02 -3.605653966461659365e+02
-3.648673896856568035e+02 4.673753830650806549e+02 -2.793880129005377171e+02 -4.657030056810844485e+02 2.600280494648075091e+02 4.483264716305062620e+02 5.880113022660987099e+01 3.741969543208135747e+02 -4.920325248209007896e+02 2.817240657594882123e+02 3.383691165014012086e+02 6.714466128241144816e+01 -3.743399886255696174e+02 1.459702225316345903e+01 2.268055938001974710e+02 -4.563401587459929942e+02 1.939843496239291198e+01 4.806075768825296564e+02 -1.264245285238039287e+02 2.202078475958592207e+01 -4.340177524926457977e+02
-1.828154811564012334e+02 4.795976270999368580e+02 4.504496967796191029e+02 -1.622399517369113937e+02 -4.480107446582803732e+01 -1.143779222831931861e+02 1.167487266516750424e+02 -3.937593315164072010e+02 -8.009788529759759967e+00 -1.114112074023279320e+01 -4.746778030398281771e+02 2.798845415000982939e+00 2.490459992485139082e+02 -2.453958448142189468e+02 -4.419557601418057402e+02 4.439275951899960546e+02 -3.372465159959972425e+01 4.740999395605842892e+01 -4.954209541756447948e+02 -4.487465202183312840e+02 1.207260492774418935e+03
-1.785299066341508478e+00 4.639907951883458281e+02 2.410688443536209888e+02 -1.159751781724424973e+02 3.553010604159552486e+02 -2.064932294264932011e+02 3.384988532030408805e+02 -1.113206748861763344e+02 2.755388866279915874e+02 -4.128102482447181387e+02 2.003113998089125971e+02 -2.439915605039575439e+02 4.260663423466098720e+01 4.620195880535299011e+02 -4.715741646363065342e+02 -2.161342566487247723e+02 3.307541081547660724e+02 4.398062361734843080e+02 1.030945199639807015e+02 -3.058050291261059783e+01 -9.830781020782110318e+02
1.032940416033653719e+01 2.382101772763668350e+02 -2.334065454797174084e+02 4.281238972933811056e+02 -1.305048813857940786e+02 -1.452684659798147777e+02 -9.624517159934265464e+01 -4.838675257023754739e+02 4.045255702368616539e+02 -1.937038991138624056e+02 -3.865215557609396910e+02 -4.093997385939638320e+02 1.856559136616231172e+02 2.297042871620237747e+02 1.769730380569636736e+02 2.487209496575604817e+02 -4.977837927655177737e+02 -2.979038641835053340e+02 -4.805672036577579433e+02 -2.056973726169323413e+02 1.477919875354475380e+03
-3.513232614612244902e+02 -2.718159167450005498e+01 3.870171757373302626e+02 -2.488614345785154001e+02 3.551796947153945894e+01 -3.087541768054450131e+02 2.346070091540306066e+02 -4.223019178605266006e+02 2.123049207571650641e+02 -3.489194821119955350e+02 -1.820730164545066714e+02 2.981225604768212634e+01 4.074368063908432305e+02 -7.961554347219657757e+01 2.489267330180167619e+02 -4.427514830838927651e+02 4.628161251087615256e+02 -2.194435777263553859e+02 -3.369660069206855724e+02 2.887693302089030567e+01 5.943615748962874932e+02
3.369368754625185147e+02 -3.197838993841378397e+02 -9.281100766458172302e+01 -3.659473363930600271e+02 6.899653470619057316e+00 4.186344265242081519e+02 9.329606233455558595e+01 -4.187985909163061251e+02 2.992247025057793053e+01 -4.386638308410472291e+02 1.898964209128469065e+02 1.659505309591121431e+02 -2.858363705613080583e+02 9.084746207024306841e+01 -4.735791246734468700e+02 2.470855492908731321e+01 -3.091424810851685834e+01 -3.876794616336345598e+02 1.851550690538000481e+02 4.848239317277304963e+02 6.672778516886903617e+02
1.483855539312986593e+02 2.004636050175595301e+02 3.757688561564389147e+02 -2.763911251980263160e+02 2.250909091515900400e+02 4.413783186081601571e+02 -1.954456384252477505e+02 3.343616645583033460e+02 -4.503570381631344617e+02 4.576031121163410944e+02 -1.719566902531357755e+01 2.087163151708759870e+02 -4.163905886186062162e+02 2.404584373910180375e+02 1.631480817387318893e+01 -2.567870128989841305e+02 9.061467746368691678e+01 -3.154116906842762091e+01 -3.088358337243387268e+02 -4.237265461849756321e+02 -1.466017936157739143e+02
3.653432177696298595e+02 3.133422583459278030e+02 -3.312653528945046446e+02 -1.578945132015927584e+02 -1.067749933106180151e+02 4.801322126982167902e+02 -4.022723966146366479e+02 -2.436084146044931344e+02 1.761522525130977783e+02 -3.541990631953251523e+01 -4.949508065714975942e+02 -2.209121761346607400e+02 2.720995867061889157e+02 -6.035208508725497722e+01 1.061119644637808506e+02 -3.266709824601741161e+02 -3.586233434905673221e+02 -3.354088482550947674e+02 -4.944582043819009982e+02 -1.262474588683672891e+02 1.758663084822926976e+03
3.919655445081815515e+02 -2.572928391993098103e+02 -6.043921226226854060e+01 -6.720296096766708160e+01 8.264369478350431564e+00 2.719780014054322237e+01 1.152213415395134462e+02 -2.283090388257188579e+02 9.118780972224647030e+01 -2.920942411353414627e+02 1.619184222727586757e+02 -1.240195767197595842e+02 6.322509852043526735e+01 -1.017605564668107263e+02 -3.327169840055972259e+02 -1.130067074189440177e+02 3.885299774204952428e+00 -3.245130562198718280e+02 4.481510220600621324e+02 4.960144983867444353e+02 5.271309091274590486e+01
9.248646717835538311e+01 1.737014709290372139e+01 -4.508553226818826829e+02 4.510600423460512047e+02 1.034498873922671009e+02 1.302120170307786111e+02 -3.561386680054878866e+02 -3.268177853361577831e+02 -3.870943939970158567e+02 -1.138168903565268693e+02 -4.975924570188746543e+02 -3.824861263611418849e+02 -2.634109928171155843e+02 9.704079133990296668e+01 3.403807177874006129e+02 -4.291887209185882739e+02 1.219173056467650440e+02 -4.528391449950952392e+02 -1.112050074703943210e+02 6.131195845765330432e+01 1.953625731839311129e+03
-1.914508581640670286e+02 -2.586437085235846780e+02 2.111030249977026187e+02 2.700963136835521254e+02 2.151393045129946131e+02 2.157064453289406174e+02 -3.142505614173438744e+02 7.934482848533116339e+01 -2.236635531869898159e+02 3.433440970904644018e+02 -6.547299766488691830e+01 -1.936571404369020684e+02 1.175636769658149205e+02 -5.520875552638949557e+01 4.529431542764740470e+02 -3.053092913706450986e+02 -1.589434734817772892e+02 -3.221100744977240993e+02 1.241677845837072027e+02 3.286182583750317008e+02 -1.538540521975072295e+02
-1.715071449442681342e+02 6.364094181855261922e+01 1.313132502895033440e+02 -4.032314469964194359e+01 -4.311718775800649155e+02 -2.331570590794378290e+02 -3.153271028682909218e+02 -2.352224924104041293e+01 1.438975688150678707e+02 3.992354807832610959e+02 -1.169056790136770019e+02 -7.644419246619872865e+01 -3.541143462047843968e+02 -3.291767946527069171e+02 3.671658387793315796e+02 -4.845273739575877130e+02 -3.088259070174376575e+02 -3.804694954913514948e+01 1.345705038357700687e+02 -1.300696304912906385e+02 1.137880855011716221e+03
4.508334032810751069e+01 -3.289510805623865508e+01 -3.911002547162235601e+02 1.317556698883118997e+02 2.765849300447910082e+02 5.455481155027030127e+01 -4.290193107625530615e+02 4.122663663521472017e+02 3.046843752949874897e+02 -2.914824899780209648e+02 -4.300119392434053225e+02 2.001633440399411938e+02 1.249949472533304515e+02 3.765856367502993862e+02 -1.027897651857614392e+01 3.306760690482079781e+02 -6.800041340557447711e+01 -4.467253039116907303e+02 6.176575558961405932e+01 -3.959204024444750303e+02 4.804117156470783812e+01
3.725177734708389607e+02 4.794319425614868351e+02 -1.523844112938085118e+02 1.926395162405938208e+02 1.826823368769528315e+02 -9.886181536937533565e+01 1.715420065501473346e+01 2.651076146946304561e+02 4.559458850125168965e+02 -1.113062326045263148e+02 4.815016235816395920e+02 4.728139873539447535e+02 -3.142073390999763660e+02 -1.405243825358081153e+02 2.188036267406548632e+02 2.576279118630095581e+02 4.526797355882646343e+02 -3.636078386174669390e+02 1.915524622721715104e+02 4.069175364142148510e+02 -2.860627210711857060e+03
3.148922927541631225e+02 -4.867950380463761348e+02 -3.856859845348664635e+02 1.586232650002532409e+02 1.138233710511792651e+01 1.640286252425908060e+02 -2.071133938525832150e+02 -5.477744223365010612e+01 1.790319912175347099e+02 4.122229517481373477e+02 -2.284812021698357967e+02 2.877839262114740677e+02 -3.721059889365161553e+02 8.421930663794523753e+01 1.775789055743348399e+02 4.788416851435465560e+02 -1.612930857797791759e+02 1.195176088910319550e+02 4.200615461157137815e+02 -4.006980087407447968e+02 -4.005442910645201096e+02
-8.714577027993510683e+01 -1.840000961173757901e+02 3.852675338747035312e+02 -3.338325565313076027e+02 1.028851568236435696e+02 -2.461717025243997909e+02 4.402325889124232390e+02 2.397435134492319548e+02 -8.788295122175804863e+01 -4.255663353613326763e+02 2.159810770945375680e+02 1.745191106946433592e+02 -4.362649205911895933e+02 -3.717061506340612027e+02 -4.399245556725047663e+02 -3.972990764547381559e+02 3.798466080256467876e+02 -3.008382913091941191e+02 4.732384735177254242e+01 3.148503273235818369e+02 4.439919869309530327e+02
-3.823560014231954938e+02 6.189479927532272541e+01 4.812236767721652768e+02 -4.135310221606188748e+02 -1.675914796122777375e+02 3.241778909734241552e+02 -4.661160392023487020e+01 -1.360301649592371405e+02 -4.016550633718844665e+02 3.798090169044196500e+02 4.571934710379055105e+02 2.358973279375683205e+02 -3.362359354450146611e+02 -1.757263597492237750e+02 4.446011918680802637e+02 2.168535506183065991e+02 4.747074900560927517e+02 1.944219868089471674e+02 -2.909404523641157994e+02 -3.040826743152814515e+02 -5.489114877235532504e+02
-2.685139949935944514e+01 2.123527597846316439e+02 1.354699795665718511e+02 9.768955229254663664e+01 1.751772634855095703e+02 -5.572160980069986635e+01 -2.183317821686230218e+02 4.233769124654440930e+02 2.112755257417815073e+02 -4.717196029384122085e+02 -8.016436523617488774e+01 -4.169503199986156687e+02 -1.956246942629178420e+01 4.120019366164721077e+02 -4.347828087722587043e+02 4.432526780396402728e+02 -4.818938632847620056e+02 1.830907721092739848e+02 1.921131631683277874e+02 1.400750233745170590e+02 -2.113569461973484067e+02
-1.804166402531156450e+02 -1.124522683984011451e+02 -4.466623952853236688e+02 -3.475765654748925613e+02 1.419571476006933608e+02 -3.980476280803497957e+02 -2.760194049707577051e+02 4.489480749067636225e+02 1.269911514232372838e+02 -2.551947878584961416e+02 -2.023412135953468578e+02 1.545094786432269984e+02 1.890884423109465615e+02 -1.694190100438366358e+02 -4.421927799918852315e+02 1.415232880468884105e+02 3.535766440053905626e+02 2.825086113397148893e+02 1.371032907380124470e+02 3.825956442323885085e+02 9.398714373049018889e+01
-3.747457390378382343e+02 1.285149550191938488e+02 -3.415571405464651207e+02 -1.287764423813708845e+02 -9.400333036238970408e+01 2.267048015807014281e+02 2.938900345143699724e+02 -4.974707402618929564e+01 -4.902471319583066247e+02 -2.549927548516939169e+02 -1.256164132392923989e+02 -3.846855992849572203e+01 4.640871043264164655e+02 4.502726067467641542e+02 -1.923476079428556318e+02 -2.667559599757113347e+02 4.797205728542394354e+01 2.449688109079700098e+02 4.084237665738016858e+02 -4.861454395873515750e+02 5.856428833903192981e+02
-4.094062485731130323e+02 -9.520805571393844957e+01 -4.706358254714585314e+02 2.725181277347666082e+02 1.816017250188243679e+02 3.597987566619218569e+02 -2.813659797049647864e+02 -2.108673133686820051e+02 2.172097670661094071e+01 -3.404302641390016788e+02 -2.548890407905043389e+02 9.382493753394498981e+00 3.116536097011750144e+02 -3.248457765007679541e+02 2.183121495691469818e+02 -6.246508389540252892e+01 -3.418417367579073698e+02 5.878413540861004094e+01 -2.811363595159222086e+02 9.604230921225610018e+01 1.344963588006459304e+03
4.333251337028162880e+02 -4.848869095096716251e+02 -4.219078377737769188e+02 -6.584795020953094991e+01 4.357964434298378364e+02 -1.623492862993624044e+02 -4.014740895657409396e+02 -3.578303250428181173e+02 4.897971191082797304e+02 -4.284097088742232700e+02 4.880136658656427926e+02 6.060816693272613520e+00 2.731321136455702572e+02 -3.521072372918943074e+02 5.940715348873357016e+01 -1.379853038519106576e+02 4.339668834166047873e+01 2.558294421782119343e+02 -3.794240894485452031e+02 2.667244738163047941e+02 3.725831131389129496e+02
-3.435646325195393729e+02 3.954459509783442854e+02 -4.582889456574399674e+02 -4.218994761244190386e+02 7.692834567593672546e+01 -2.654524397860725458e+02 1.436723105741270956e+01 3.089336825235952801e+02 -3.952519684105413376e+02 -6.061385004378053054e+00 4.822312593037263468e+02 -4.429132381614586507e+02 3.563877676810881212e+02 -8.447840234420402794e+01 -2.129695318633241072e+02 4.623774440139650324e+02 -4.833491897846303686e+02 -4.317041398048756378e+02 -1.937996071484902245e+02 4.217638887010325561e+02 7.754314129417980439e+02
-1.769696665982651780e+02 3.175074576236270332e+02 -1.145088450203025445e+02 -4.713688517119604171e+02 -1.965987015452633955e+02 2.942890730652982256e+01 4.701422315893430550e+02 -1.084808238576950998e+02 4.584248101922238448e+02 2.812615945062709670e+02 2.562669864386588188e+02 -2.529509213452757592e+02 -1.148583250700496592e+02 4.028536676261060165e+02 3.098596240355585678e+02 7.190296793525476460e+01 7.421594989192328740e+01 -2.229290969610708544e+02 3.662958347464723374e+02 3.103017529166412487e+02 -1.571328932775101293e+03
-5.615827140206710055e+01 -3.601322301522825455e+02 4.935090444319863536e+02 4.839969801850697877e+02 3.419129769794683398e+02 -8.262727333044949773e+01 -2.573950196176016902e+02 2.488463489185335220e+01 4.633867669387942669e+02 1.820130669933823810e+02 4.149355203216831569e+02 -1.131353658506621969e+02 -1.502729824178087483e+02 -4.037300253162217132e+02 -5.934878073689509392e+01 -4.426532245296814949e+02 -1.563284154769064571e+02 1.341830159073766708e+02 5.167220480092362322e+01 -9.202058595433624077e+01 -2.937990041772962968e+02
-4.133819236833296031e+02 -1.772562179847489006e+02 4.190417857815946263e+02 -3.312359597183610731e+02 1.864310664881377306e+02 -3.093489217970650884e+02 2.391053603084709493e+02 -3.827662151642520030e+02 -8.670457248982609144e+01 -2.337896017390902443e+02 3.991351833825933682e+01 -3.300030068475052758e-01 1.449372263973898498e+02 1.055386183193462557e+02 2.505337983770152732e+02 -2.483667637415371132e+02 4.645970927317409860e+02 -1.655861396194114832e+02 9.441283604694831411e+01 1.451528001154981666e+02 4.299100673202639200e+01
-4.909443854507333640e+02 -7.348806391285057771e+01 4.545004028234851603e+02 2.043422322317101134e+02 -2.143758406203832010e+02 2.361515170155299757e+02 3.886382795100864769e+02 -2.597499083860635665e+02 -3.398289440089499180e+02 -3.583349502287640576e+02 -1.073147766229729427e+02 -1.177133279444416871e+02 -4.453388566306261964e+01 -2.607476882323144309e+02 4.935307236688288413e+02 2.099448386063704675e+01 -4.179657576929577090e+02 1.990143098928194831e+02 -3.280261811229559044e+01 3.902673406824346785e+02 3.592615244882384218e+02
4.752493909295654930e+02 -2.890789717718860175e+00 2.664360924308164158e+01 1.728861014534174956e+00 4.113754732764772371e+02 2.155956911612474869e+01 1.180265761721319677e+02 3.613627726571397716e+02 1.232473875445996327e+02 -1.736201120523690520e+02 -3.706841749260448751e+02 -3.309895845851264085e+01 1.152487302224130872e+02 -3.827380480174236936e+02 -1.337231555640078113e+02 1.658009487836554854e+02 -4.543511900544338005e+02 2.167018253941571402e+02 1.081982723015158854e+02 -4.110769511780664516e+02 -6.608046821391138792e+01
-4.524499844637953743e+02 3.631562867074347878e+02 4.470761742536411703e+02 2.781192273908117158e+02 -2.596615202409125231e+02 -4.712926103357483498e+01 -4.215046108085251717e+02 -3.713849685416079751e+02 -9.004925144963482353e+01 7.630628937186406802e+01 -3.488839462044807078e+02 3.290300741478579312e+02 -2.038683671527336969e+02 -3.284474904689897130e+02 2.915285407506141837e+02 -1.538355950914809114e+02 -4.273098873843702563e+02 3.001617430634315724e+02 -1.535951518363967239e+02 -1.145421316599619672e+02 1.081791457600974582e+03
-1.098413306966534719e+02 -4.997995823965907221e+02 -5.204980850862096986e+01 -5.268255239910160981e+00 -4.156692526529155316e+02 9.093592068473446943e+01 1.093892729827130097e+02 -3.291104291150234076e+02 4.916975786975660867e+02 4.630541028290192571e+02 -1.031611802238131759e+01 -1.031645121041256061e+02 -4.020804963299815427e+02 -2.131187554022164932e+01 -1.871930905610882405e+02 -4.283908496448651704e+02 4.631240335753291220e+02 -2.915955431006270828e+02 1.497570154908850100e+02 3.556480564988061133e+02 4.130809245031627484e+02
-1.207652721582622917e+02 1.541447052021114814e+02 4.148620169539766493e+02 3.202861863283865205e+02 1.516633164740840130e+02 1.900151712768615653e+02 -2.735378991973818188e+02 -6.816311245495518278e+01 -4.415148187215199869e+02 -4.112424595928894178e+02 2.172414275867751030e+02 2.550180965852964619e+02 1.964613794397897664e+02 -3.214534906158871195e+02 -3.381616777205665016e+02 1.690193397842697323e+02 -4.679550931018061419e+02 9.064563667348988929e+01 -2.960029076701252961e+02 4.305466081757846268e+02 4.254143966209234691e+02
-2.360318844310250483e+02 -4.715184304817072984e+02 -4.593533108395829458e+02 7.790240130988195233e+00 4.266575095486232385e+02 7.265559834977943865e+01 -2.450547308514717884e+02 1.613762158713381041e+02 -6.535269379405804102e+01 4.165162643406524694e+02 -4.895882437504689619e+02 2.043741738503724719e+02 -3.451269683588362795e+02 -3.939295436739819252e+02 -3.909681313451784490e+01 -4.229059703911770498e+02 1.736156996404533857e+02 4.306188000113711496e+02 4.664100950475074114e+00 4.263176182671294328e+02 6.096123069292784749e+02
-5.221569959959572316e+01 -4.168881842356720995e+02 -4.056123035029660855e+02 -1.524748215103016946e+02 -4.355790477105259129e+02 8.339734020554158178e+01 4.020563426864297298e+02 -3.405978814936372601e+02 -2.406493332632493320e+02 3.772765764534744903e+02 -2.837586360371250294e+02 4.168162683666641897e+02 -2.505232369681078524e+02 1.658219125415824919e+02 -2.784980819826768084e+02 -4.683527498037052510e+02 4.335047554702130128e+02 -4.939706369899961942e+02 -1.860452624239648003e+02 -4.909861156666340776e+02 1.945341420278611395e+03
4.687385791087554026e+02 4.602140683400721173e+02 -6.758803347700848008e+00 -6.187061819685652608e+00 3.210778111172605804e+02 4.416205945150796879e+02 2.522420906902348179e+02 1.452196540972831826e+02 -3.046446242821082251e+02 1.861197401481166480e+02 -7.821511588910459523e+01 -4.271283936134494752e+01 1.468406391817187568e+02 -3.245406796531602822e+01 4.908932714289109072e+02 -3.322421447309772020e+02 -1.684163430839751072e+02 -3.761302010862769407e+02 6.980032849446376986e+01 -8.989775950217136824e+01 -1.090981080243525412e+03
9.354407016567222399e+01 4.833969923758303366e+02 4.554123741265668741e+02 -1.887552654988081713e+02 -3.225258428395980559e+02 -3.970314184910671429e+02 2.844149870084688700e+02 1.313635162664692189e+02 -1.009938957228190475e+02 -3.488432532141083584e+02 8.075637234996725056e+01 -1.117158614203796105e+02 -2.059791430673263335e+02 2.765613220749376069e+02 8.629116930918564776e+01 2.969788311039771997e+02 -1.619190499796184781e+02 -4.446377057331875449e+01 1.111847571817919516e+02 -1.624555724649047761e+01 -4.683226109262552654e+02
-1.931288205166288208e+02 -3.732170312629531281e+02 -2.141260630255986825e+02 -1.906611206104258258e+02 3.075698211442163483e+02 -3.580427532426890593e+02 1.848245420553739677e+02 1.844952258470947299e+02 3.203977834288625672e+02 2.591595295180377434e+02 -4.994519445515489338e+02 -2.793800993899712921e+02 4.212546397864069831e+02 1.749892884453886381e+02 -3.677091733326225267e+02 1.792336145050319374e+02 -2.624525743706126377e+02 -3.980749574298124571e+02 -1.290874938457096164e+02 -1.010717914937349065e+02 9.849214352195111815e+02
-3.396438960307696107e+02 2.888063434760420023e+01 -4.796412927829891828e+02 4.734047382667811235e+02 4.626037397420999469e+02 -4.845230610868341614e+02 -1.694899487528311965e+01 -2.055519851042716368e+02 -2.812539006759704421e+02 -2.799899676474660737e+01 -1.946558290577644357e+02 2.982661517074893709e+02 -4.925561924414490136e+02 -4.412398771342178634e+02 -4.637342662306187435e+02 4.275046991190828294e+02 -3.501827769310477265e+02 -3.963227089267808196e+02 -4.480610240032616503e+02 3.313640303450529245e+01 2.216374349093239289e+03
3.375660212838225789e+02 1.662106040206751914e+02 -3.557440149882529568e+02 -4.126903285178631222e+02 -4.383407236683529504e+02 -7.561327877428544753e+01 -2.794741526381517929e+02 2.517902473016550857e+02 -3.650839933637581680e+01 -5.733009021324676269e+00 -3.746643795727158022e+01 4.737175530415375988e+02 1.989628050586966310e+02 -3.447603856641289326e+02 -2.918599074875523911e+02 -3.848043281829234274e+02 -4.634852402124084279e+02 3.767340050728557799e+01 -2.248760422924337377e+02 2.800436568298573548e+01 1.303451689488282909e+03
-1.418699350258634695e+01 2.886295049701676589e+02 1.356121667292396751e+02 -1.768708918486036055e+02 -3.524811205333325006e+02 -3.880859051664057233e+02 -2.480762886595125849e+02 -3.999427197288638354e+02 3.717173400546300854e+02 2.309155448681894995e+01 -8.528592586395154740e+01 3.574964059962132978e+02 -2.556439490318848584e+01 4.069271824492642509e+02 -1.239267343738094382e+02 2.322127832902103819e+02 6.164121415111924307e+01 1.096736819539449925e+02 -4.667615693395837866e+02 -3.556827006927514390e+02 5.184229134413274096e+02
2.119177791332015204e+02 -8.031795753537852534e+01 4.080807030683320136e+02 -4.660404897283335686e+02 -4.164343996269009835e+02 -3.656350125353243357e+02 -4.650910723041988604e+02 1.594756652843651636e+02 1.691640174689371179e+01 -2.921298542804629506e+01 -2.232205341784312509e+02 -1.097082958287840597e+02 -8.895339617067833160e+01 3.859379550390879103e+02 3.639771356294439784e+02 -1.891998418688078800e+02 3.966244642018339164e+02 1.634251275431302020e+02 -4.543132647868202412e+02 -4.849426280855152527e+02 8.398075424324107416e+02
3.997930841748492412e+02 1.568435199888773468e+02 -1.637683494768282912e+02 4.702020540863748010e+02 -9.879319824471099309e+01 7.297429374880130126e+01 -5.133848425035637320e+00 4.921202249515101812e+02 3.861912875076294540e+02 -2.207221026789657685e+02 3.149897642856842594e+02 4.656852107785730368e+02 3.224898418060538461e+02 -1.979079429879780037e+02 -1.889564368260232641e+02 -2.314354190037778380e+02 -3.923275315782399275e+02 -3.009986534494248644e+01 1.105030596378089740e+02 3.129404344370007038e+02 -1.558629651202412106e+03
3.337938875696672767e+02 -1.797334698154462558e+02 -7.872661062805605070e+00 -1.163275015436067292e+02 -4.813189946746688861e+02 2.021265259029396475e+02 6.145615280368258482e+01 -1.468536853756470464e+02 -4.398292001810161196e+02 -2.778371673166410574e+02 -2.447012827885192223e+02 3.055055448182082500e+02 2.847401294618271095e+01 -1.017983156052477511e+02 -5.815767448702371212e+01 -4.739875880854090724e+02 2.715390505521056639e+02 -2.714330414326304890e+02 -4.656103297737365665e+01 1.408887104486102544e+02 1.167732402464431061e+03
-1.215333001556638806e+02 -3.384674670128160869e+02 -2.982288889469873538e+01 2.682845826656372310e+02 3.923124290039952484e+02 1.086981686721697997e+02 -2.365511298538442020e+02 9.769520193556229515e+01 -9.884778398952954603e+01 1.018800774606312416e+02 3.363294557456720213e+02 -4.005431425853179803e+02 3.333318632613977570e+02 1.397301265157592525e+02 6.146442742718932095e+00 -1.872169969919636969e+02 -8.907436965587800159e+01 4.219591488815750608e+02 -4.357110305351952206e+02 4.007147752197649879e+02 -1.989903024583292677e+02
-4.794288763811662761e+02 -3.974550389149152920e+02 3.360437920240646008e+02 -2.456798765745740241e+02 -9.228300600340679694e+01 -3.166315793547678368e+02 3.592004010875230051e+02 -2.866810572245128697e+00 -6.293865996982475508e+01 -1.645589244087612997e+02 -1.631102680037510595e+02 1.547894542234582786e+02 2.307640011070428727e+02 -3.730878282976976834e+01 -3.891548277936956879e+02 -3.188349305190330369e+02 1.965154490697284473e+02 -2.433264592136771398e+02 -2.613000692206579743e+02 1.234306571415457938e+02 1.248526849121289615e+03
-4.679479003477982246e+02 -3.537481116908286367e+02 3.655445361852708857e+02 -4.993516679843344832e+02 3.080689881808755217e+02 -3.127946809509178934e+02 -4.449672268373124098e+02 -5.019029594581354559e+00 -1.207938359067213128e+02 4.099403845678299376e+02 -3.740587686981803017e+02 4.319581548746396038e+02 1.429332242920247609e+02 -2.524330356697820434e+02 -2.725377844035336921e+02 7.731366653877807948e+01 -3.531789981708867572e+02 3.836400797312817303e+02 -2.298747567518296933e+02 6.461293642524253755e+01 1.173316328595450614e+03
-6.253450616871424472e+01 -2.067571781386138241e+02 4.917646866853581287e+02 1.590589038786243918e+02 -9.940376167466581592e+00 4.556919346003691089e+02 -4.075068696355606335e+02 -1.772267558342833809e+02 4.283978196685508237e+02 1.134286811131149761e+02 -4.069029784260638394e+02 -2.008083078256589715e+02 1.685239450428266537e+02 -1.946805279536714011e+02 -4.784783382324716285e+02 4.234830476163851927e+02 -2.689523079837473460e+02 -8.367078706766903906e+01 1.865911281654033473e+02 -1.892775636012282803e+02 4.834971870545475099e+02
-3.403046376790392742e+02 4.196249256311972431e+02 4.049929083834365429e+02 2.167470503123730623e+02 -1.648732671464945270e+02 1.823398449844646620e+02 1.057195104534833945e+02 -5.875882782244434566e+01 1.410302783866354730e+02 1.513435460194632469e+02 4.285884163809448637e+02 -4.101958674377092962e+02 -3.080647668606775369e+01 1.352653850401788986e+02 -1.818822057057662960e+02 2.669060383978261370e+02 -8.666683990123556214e+01 2.701325619647305984e+02 -3.732412365645406567e+02 -1.157315207003114779e+02 -5.089697180058782919e+02
2.383606994343929273e+02 -3.315871361141951184e+02 -4.472315580222706330e+02 4.545575453066695673e+02 -1.360350119250046532e+02 -3.661887156002609913e+02 -1.988463263258577740e+02 -1.956591950270836833e+01 -3.192987599292670211e+02 -4.887810063299783678e+02 2.153730123530193623e+02 7.222523253042481883e+01 2.054553149225147308e+02 -2.439914072227363704e+02 4.328278590495233402e+01 6.061599335585981407e+01 6.262752997613040407e+01 1.483995172984444935e+02 -1.145649480324277647e+02 1.789103951395661625e+02 7.561881139034093167e+02
-8.363743435992654440e+01 1.178594072856823232e+02 4.137630753891760378e+02 -3.200278922549748586e+02 2.263262280177099228e+02 -4.314050145328773738e+02 3.511327959640879044e+02 -2.985295149747212236e+02 4.733830877162677098e+01 1.550984143493952843e+02 4.551016267057010509e+02 -1.821940063715339306e+02 3.389235973484478563e+02 2.187081629464140633e+02 2.705748396194145471e+02 1.504570713656391945e+01 -4.953781023814632931e+02 3.820290146399429432e+01 -8.741797346308544547e+01 -2.062539182594701970e+01 -5.475914763926593878e+02
-3.107348493556108906e+02 -2.084773342985951672e+02 -4.020592791709173071e+02 1.869942874565591637e+02 -1.315712779667691734e+02 4.613437703382152222e+02 2.299486163661840692e+02 4.854948414503497816e+02 1.928688698496559937e+02 3.328359766288007222e+02 -2.655063905330854368e+02 3.943964952180810997e+02 3.890940150395764476e+02 -2.762676325719726265e+02 -4.880501082579967829e+02 3.950625217033540366e+02 1.831297514193022380e+02 2.364213273606760595e+02 -2.184509453174418923e+02 -4.651693556681541963e+02 -4.714837542190873592e+02
2.253227683570428326e+02 -3.029823272876058695e+02 -2.411436999671013837e+02 -1.992371949672207165e+02 3.610921185527905664e+02 4.569272664006160767e+02 -2.473955397463145687e+02 -4.040162869563117738e+02 9.172758054571545472e+00 -1.646610947149320623e+02 3.540032184754213631e+02 9.200872002943469852e-01 -3.422354985600808277e+02 -3.158070607593114119e+02 -5.251775388506672471e+01 -1.969134510854366908e+02 -1.954114046268431366e+02 1.633147777194513992e+02 -4.113307545693243128e+02 -4.873004961050799579e+02 1.720359911023938366e+03
4.357430792322247726e+01 -3.671691443626963292e+02 -4.023581247228981965e+02 -1.421980627546582809e+01 -3.617612376995033401e+02 4.800711270128148271e+02 3.666459618796779978e+02 1.407710351171423326e+02 4.584096276798424014e+02 -2.966345671735853102e+02 -6.934952956032969951e+01 -2.961640965251631883e+02 -2.067356486837986722e+02 4.578579355373937005e+02 -1.019526539979078734e+02 -2.904023396850814152e+02 -2.536841075750487846e+02 2.003226044873952105e+01 2.579648112518110565e+02 3.806795512814042013e+02 4.067487899327127110e+01
-2.433237714914862977e+02 -2.508880932396536707e+02 1.739108990625759361e+02 4.520998087934486875e+02 -2.321068770709321143e+02 -2.499164370808912849e+02 -2.452777215777431934e+02 2.146025577258433259e+02 1.556233210370646702e+02 3.971599085527434454e+02 -2.407928162109149639e+02 -3.993856806256558230e+02 2.832572690013076908e+02 -2.054934391705557459e+02 -1.968543974798110412e+02 -8.205503086335221496e+01 4.109000780048712613e+02 2.888163845616207936e+02 4.753308259266542564e+02 1.323473087713515497e+02 -5.114861076248236600e+02
1.002803096513586070e+02 8.211632777664931382e+01 -4.167244306685109336e+02 9.442559135659848835e+01 2.307206826908145558e+02 -3.018377652355950431e+02 -3.731226301324286396e+02 3.495773339582676726e+02 4.912603583861111929e+02 4.729104181788709411e+02 9.553108199772236730e+01 -1.533007801135074715e+02 -2.310479761746850045e+02 -4.319790378491190950e+02 -3.461291660819955496e+02 3.502529857452965416e+02 -6.061963671715699320e+01 -7.834203059977483008e+01 4.026756872796448761e+02 1.462193518528499681e+01 -4.839268520077595781e+02
3.839702241173472430e+02 -3.772968672135562542e+02 2.409101108528029727e+02 4.481013451391129365e+01 2.599003963535603816e+02 -4.711678827049299230e+02 1.000789091602649705e+01 3.295689044887852788e+02 -4.513700299784295566e+02 -5.927330185061362045e+01 -3.611592495664050944e+02 -1.865146083242018449e+02 -4.314677256473301554e+02 -7.307625861880694629e+00 2.003278471029777847e+02 4.461857355171002837e+02 1.454494091157843059e+02 -3.264618222397587033e+02 -2.231690173193636610e+02 4.603722989146922373e+02 1.785567325429151708e+02
2.392813847796877553e+02 -1.048961504560767253e+02 1.678198758100577379e+02 -9.448193473387669883e+01 1.960665839908551789e+02 -5.528904465301644677e+01 2.779556741912971347e+02 3.142614437690325531e+02 4.609798325274441595e+02 -2.645587274313874104e+01 -4.694765457151073065e+02 3.309041112095609378e+02 1.513450794037487412e+02 5.549480096375543781e+01 2.102898633587776658e+02 -5.058164267173879125e+01 -2.713636761475511889e+02 4.747827711392948231e+02 -5.573919992594687756e+01 -1.337030754013148908e+02 -1.241233898359113482e+03
2.095126613252205061e+01 -1.339132459714568313e+02 4.120424599367895553e+02 4.700749764662466532e+02 2.894439946441599432e+02 -4.985531594203060877e+02 -3.961254079293817654e+02 4.051438931780238590e+02 -1.436620961961888838e+02 3.791153867073907122e+02 1.889735450665598364e+02 -4.659199951200075702e+02 2.755553319950417972e+02 3.009439539817494733e+02 3.077749406220585797e+02 -6.487478924993661167e+01 2.693767134571691031e+02 -3.375974201116455333e+02 1.573188761638232336e+02 4.364226270704870103e+02 -1.491623283194021269e+03
4.997719809437824097e+02 7.428031025022062295e+01 7.707469343742275214e+01 1.235028262539647130e+02 1.017570229096940011e+02 -2.582805143326429516e+02 2.715151138623633642e+02 4.848044578238223039e+02 4.777984667192582720e+02 2.659475560962331429e+02 3.808589016729428067e+02 4.380675089462257574e+02 -2.891469678300834403e+02 -1.849951840773472895e+02 -3.522723538817577946e+02 -8.296531418446903672e+01 8.492426570952818565e+01 -3.490789091905136274e+02 -3.264585647213400534e+02 -4.993457530849644286e+02 -9.360978687042046431e+02
4.130062834842318580e+02 4.420374178006175043e+02 7.174635336853555145e+01 -1.445298462503770338e+02 4.422054233231796161e+02 4.837740506142471304e+02 -4.593475512056904790e+02 6.568335505089214621e+01 3.852415342943753558e+02 2.903837289813664029e+02 3.096487503668485033e+02 2.782952091751551507e+02 3.798372561704463806e+02 2.355435780276332025e+02 1.078747229567750310e+02 -7.717397775557765272e+01 -9.921877352023000185e+01 -6.619484781942617246e+00 -4.150749440918202140e+02 -4.050734264205337922e+02 -1.523995407650634888e+03
-2.135078263535888254e+00 -1.314245732688090698e+02 4.983678484640674924e+02 -4.610347070751821548e+02 4.865108360924017461e+02 5.190748020105672822e+00 3.999404784365430032e+02 -3.988718937506669135e+02 -4.703725286201046174e+01 1.492378256952946458e+02 -2.363195254889901662e+02 4.975681211091830392e+02 3.839209427231668315e+02 3.330892914981734521e+01 4.537272736784798326e+02 2.835928786595760585e+02 -4.151982955240659408e+02 -3.397516765976337183e+02 4.196045264128767940e+02 -2.463318441568037542e+02 -1.050193372237461745e+03
-3.744189450076791559e+02 -1.684888910932977524e+01 6.323209957267613390e+01 2.969725307090948263e+01 -3.720337434728083963e+02 4.583976924780442914e+02 3.102046635626819580e+02 3.040122812827056578e+02 2.907969531639411116e+02 -4.939706174318223475e+02 1.416851330548907981e+02 -9.002337260413708009e+01 -6.498566759253355940e+01 3.491347687597847198e+02 4.806782062510388869e+02 4.151410644647899062e+01 4.186321170453387595e+02 -3.634772021702741540e+02 3.507436764270652247e+02 -1.878779503170068210e+02 -1.261830332924815139e+03
1.839678685283603272e+02 6.665665127239606136e+01 3.539095527544807283e+02 -1.243681582544803064e+02 3.736556504074017084e+02 4.598715430151701185e+02 -3.036478583730744276e+02 -2.157068954084809889e+02 -4.129829364862728198e+02 -1.953007386038171944e+01 3.155187691529147287e+01 -3.389032938928600061e+02 -2.883028000958723851e+02 3.271294763021372773e+02 9.848465774241230974e+01 -2.069042141151700207e+02 1.306556765494042338e+01 6.713937667749280536e+01 -1.322991928556046446e+02 -1.607568920458501793e+02 5.113817032993608223e+02
8.283608670093826731e+01 4.047218535205245189e+02 -4.114946057150746697e+02 -3.830910667654621307e+02 -4.135102236077862017e+02 -3.799987828693513165e+02 -2.357709590520296956e+02 1.930069489356435497e+02 -1.524012799243454879e+02 -3.412929438251895817e+02 -4.734019464031633788e+02 3.933390289624403522e+02 3.914257801204032603e+02 -1.718625216808503637e+02 -2.509250971119554379e+02 4.822219944077780838e+02 1.008452166666230596e+02 1.632360707937101552e+02 -1.176681187737215168e+02 1.776675029595193109e+02 5.623191521694733410e+02
-1.813450468733511798e+02 -2.257296982605197400e+01 4.153964164769055287e+02 1.372563971908716667e+02 1.430210422845159428e+02 4.047489961254360651e+02 -1.216105924925325894e+02 -4.052353021260462924e+02 -4.825801895876344361e+01 3.188730621641813059e+02 9.969597354356608321e+01 -3.754353901778816294e+02 -2.644674709389467466e+02 4.954104657998485663e+02 -3.552825619901396408e+02 -3.915436290020437582e+02 -2.294915016389087441e+02 -1.239461451969818881e+02 -3.458678753023555146e+02 1.383140544624097856e+00 1.085713856625313610e+03
-2.904099839964391094e+01 1.586478888712601929e+02 2.374851860047992886e+02 -2.747001193680448523e+02 -3.206391931318444222e+01 4.347484829506498727e+02 -2.423425038313934579e+02 2.789657446481818397e+02 3.092077156339098565e+01 -8.531740911416079598e+00 -6.348671820553454381e+01 4.745976098735285404e+02 -2.293980130194985918e+02 -4.369487867539470471e+01 -3.092585856266038036e+01 -4.936826606912287048e+02 -3.918192714415582714e+02 1.990433666376975452e+01 -2.091386702852007033e+02 -4.868872446570870807e+02 6.908624210856590935e+02
1.671564368779717142e+02 -7.904807413666213733e+01 1.349856551097332158e+02 -3.363729996811539422e+02 1.334129698895492311e+02 3.107431080786918756e+02 4.664666444095496445e+02 -4.196428009127492942e+01 -5.016698444534108603e+01 -3.339536191029072256e+02 1.202853396051842765e+02 2.152540844804036624e+02 -3.258107120171472957e+02 -3.999726543387192805e+02 3.731067263673296566e+02 1.152792632430787307e+02 1.227813370713820404e+02 4.355039611593969084e+02 -1.564352817622382190e+02 -1.868001470133214639e+02 -5.810997925097797179e+02
1.764247308458423049e+02 -1.074371883642137959e+02 -1.671993435984118150e+02 2.779867108034001149e+02 -3.219377908595358804e+02 1.797351694981042556e+02 -1.988706598599738982e+02 3.483334308207554386e+02 -2.428794905005465807e+02 -3.422918585857289600e+02 -2.706064426309101236e+02 -3.915552685392235048e+02 2.659912929276138129e+02 -2.883483159960364901e+02 -5.775717047143967875e+01 -4.316727874088759336e+02 4.541495087233683989e+02 4.044494660281736742e+02 3.040875171546266529e+02 -2.077752316207477179e+02 5.231395298173022184e+02
-3.691080727849976029e+02 -2.556789609288735505e+02 -2.851403795290383414e+01 3.071818450914180403e+02 -1.717220779014594427e+02 -2.603539095940793686e+02 2.809778801108197968e+02 -3.410337900202607671e+02 1.312172405578579628e+02 -1.629565277518437938e+02 3.292590312538084163e+01 4.792674405128973376e+02 -1.874905736992684524e+01 -3.872140472053192752e+02 2.288000665707101007e+02 3.644332136329076093e+02 4.924564899007563099e+02 -2.006530652601310294e+01 3.654947645584376232e+02 1.640295374080455986e+02 -8.959431196359232672e+02
-5.893663797189674369e-01 -2.174186754059691680e+02 2.125317365651350201e+02 1.705097088847743407e+02 -6.528007049721963995e+01 2.899727634606709898e+02 -3.167398301793301698e+02 4.112126102620765096e+02 -5.671119467315821794e+01 3.550924996148011132e+02 -4.138551612151462109e+02 -1.515825118397212918e+02 -4.610931894265693245e+02 -5.595729737332220566e+01 2.803879101330608137e+01 -1.069904690173985955e+02 3.463689196843342870e+02 2.893929254279290717e+02 4.694571126543229411e+02 -1.163528722567861564e+02 -4.930155356100114545e+02
-2.010277045252004768e+02 -3.149580120880439722e+02 4.222127341999048440e+02 -1.641937514732927639e+01 3.269447232608149534e+01 4.075528627525721959e+02 -3.719339185245229373e+02 3.497584484624222796e+02 -2.989803137838692351e+02 2.877160228326857805e+02 3.289911716957414001e+02 1.008059211265180011e+02 -1.239055805761143461e+02 -3.007403910311401205e+02 1.832722872772966412e+02 1.077774494390090467e+02 -4.056175169048882481e+02 1.007293821496037936e+02 4.300915528498592266e+02 -4.132884291162042700e+01 -5.512786053769966657e+02
-4.815649532311016969e+02 3.643542749257552487e+02 -3.767551007857603622e+02 1.239857987414404761e+01 7.502419185482267494e+01 -3.052213985657834883e+02 -4.199218098263669390e+02 -1.819702707990856538e+02 4.108616059981532089e+02 3.169889442029381144e+02 -3.757505805806737840e+02 4.335375818662953407e+02 -2.667342306745039764e+02 7.576573203011344049e+01 1.457090321669026025e+02 1.977341838698671381e+02 -4.885634128373492899e+02 -1.982439030856621116e+02 -3.009802723379141298e+01 -2.086295101028763384e+02 8.076090936950392916e+02
2.331234711232755217e+02 8.824969485523990897e+01 -1.779748271243940394e+02 2.678958218170511145e+02 2.725200800671506158e+02 8.373681408579068375e+01 4.584140552334497443e+02 1.463176922228215062e+02 -2.608555286963459707e+02 2.609427559836051387e+02 -1.930037737228971082e+02 1.146101172150482626e+02 4.837870332471698021e+01 3.021108128389415697e+02 3.667665968450359060e+02 -3.082891097035941357e+02 -4.043528148139074574e+01 1.521105351126129790e+02 -4.287303211941469954e+02 3.450382206392090438e+02 -1.127071162695131534e+03
-1.514131471685536781e+02 1.264427317877937185e+01 -1.199452605266943124e+02 -6.700099259227687298e+01 3.081732216261095800e+02 -3.097633870531544176e+02 3.877270260753060711e+02 -1.280836484917801386e+02 -2.529083818254346170e+02 -3.184743391896710136e+02 7.488803102631925412e+01 -1.822010876077797548e+01 3.943630645824696330e+02 -5.718084481367134231e+01 -2.471859997414100860e+02 3.248000913686357762e+02 -9.894608889980781896e+01 -3.037724659363250339e+02 3.970199868055768775e+02 -2.542633817909929519e+02 2.621909363186715609e+02
-6.158576774440632562e+00 -3.232073572729143507e+02 -3.048026527939881021e+02 -1.751604892877857083e+02 -2.297860290851220384e+02 -2.244562030224830096e+01 -4.655894967965546130e+02 -1.380913125531503738e+01 4.552938304944163974e+02 1.162838419214624537e+02 4.790077926330191076e+02 -2.090641685267626713e+02 -1.381765079809999861e+02 3.485111409774527829e+02 4.618668017516197324e+02 -8.451260080124410479e+01 -1.927961109693523554e+02 3.999217866610543979e+02 -4.438468662708241368e+02 2.523122476364519571e+02 2.004157761498526469e+01
-3.383266180858603889e+02 3.219696721817397247e+02 -1.964087340902109986e+02 -1.101602624151755094e+02 4.011673992950489946e+02 1.252694529937654124e+02 -1.375194194539985801e+02 -4.583476425304210125e+02 -4.207943267256609943e+00 -3.207389874431862609e+02 1.695027732275683547e+02 -4.844725045380859001e+02 -8.779698821776173645e+01 3.027479351743450025e+02 2.422559604453441580e+02 4.133522446199099249e+02 -2.803296362627326630e+02 3.282053960270914104e+02 3.776585583551856189e+02 3.064591688430692784e+02 -3.068929984017754578e+02
7.212612852416793885e+01 5.738768162364067393e+01 -3.577244761633648977e+02 2.435302188638629559e+02 -2.021130105119842710e+02 -1.749963119959074902e+02 4.051864582293610511e+02 -4.064037541930236443e+02 4.387241831240538659e+02 1.342144610476741491e+02 -7.814900722936368993e+01 -2.261907590547029940e+02 -4.448711174015555798e+02 1.024626805638167752e+02 1.223866409268475763e+01 1.940143974687470063e+02 -1.113340725650041350e+02 -2.037349858453500815e+02 1.500769230685700677e+02 8.424925229746327204e+01 1.631176538439499950e+02
-1.443952111727379020e+02 3.057534112200586378e+02 2.410306808327517274e+02 -3.689808090221628163e+02 3.125586713335324021e+02 1.714551915330788461e+02 -6.217835019911223071e+01 2.826730838310103309e+02 3.596287636213105543e+02 3.415607898723711742e+02 -2.763943673199534032e+02 -2.101228685093050785e+02 -3.785294742366105538e+02 4.265824208534219224e+02 3.123425954384640590e+01 -4.093773432210317083e+02 4.902695249956914267e+02 3.192914445736115567e+02 -4.998097359141250422e+02 -4.200213486575618163e+02 -3.596319318355507448e+02
1.962357973750690689e+02 -3.081481760062229114e+02 1.178468246246040962e+02 -2.327719360184547099e+02 -4.291171701376974852e+02 1.648560141664786443e+02 4.003607346186014411e+02 -2.349823732855320486e+02 3.392188378859217437e+02 1.840400986843559394e+02 -1.998801184497855843e+02 -4.623880085758158884e+02 4.345493072848452130e+02 -1.928276000853231835e+02 -4.719768689695419539e+02 -5.545772098103299186e+01 -2.572081324258202812e+02 7.388956094760760607e+01 -1.209644316108431212e+02 2.627592155839871566e+02 8.105928869094209404e+02
-2.487915624973055060e+02 -2.780339420788880034e+01 4.315294602124477024e+02 -3.670242962791333525e+02 -1.518511570709175658e+02 -1.293556022894492230e+02 -4.390572707992863570e+02 3.293821604016893616e+02 2.105936160743455048e+02 2.674943412247509968e+02 -1.960673125475472602e+02 1.096502743109156199e+02 2.719961610775795862e+02 2.504959782932337475e+02 -1.310493085765426144e+02 1.937855910859427695e+02 -4.315186568444289037e+02 -4.019696469839183237e+02 3.427534341385721746e+02 4.724366035167543032e+01 -1.197570848597818980e+02
4.512343483668234967e+01 -4.425070728342841448e+02 2.940646677071470094e+02 -3.489895128111011218e+02 -2.783368979817306581e+02 2.718661380625293305e+02 -4.433280027628671860e+02 -2.633730639749202282e+02 -1.163537636925082666e+02 -1.632536186163337106e+02 -4.513241275618763666e+02 -4.993835599617835896e+01 6.237522722975711531e+01 2.575671780635906316e+02 -2.668030250976833031e+02 -3.150024261894448614e+02 8.054947525121667695e+01 4.209972217213040722e+02 9.013113986510938958e+01 -4.838038639795272502e+02 1.853059832839737965e+03
-4.938715087912192416e+02 -1.256277162647157866e+02 4.094863502500194272e+02 9.646928875115395385e+01 -8.836755143070126906e+01 -2.573990440373975161e+02 8.936339283190397964e+01 -1.930201857873147446e+02 2.182531038981654774e+02 -3.713941870122185946e+02 2.301095080221623448e+02 3.338728371352991644e+02 -1.722876796172869263e+01 -1.772636529648306123e+02 3.239165205282420175e+02 -1.733059019142376656e+02 4.465918922837300897e+02 4.451116028544604433e+02 3.259103457393608778e+02 -3.751292282501278237e+02 -7.244994569859808280e+02
1.558307618168319095e+02 9.433309450624324199e+01 3.682652626493401158e+02 4.686634691913855022e+01 -4.204563871782588649e+02 -3.764317764759817919e+01 3.116350433683720667e+02 3.138717190465795284e+02 6.213288168553060586e+01 4.360713367076402847e+02 -4.563408690780428287e+02 3.524517273445140972e+02 -4.190220783467439674e+02 -4.742122640311275745e+02 6.781187551895982324e+01 -3.449266790641719354e+02 -4.365497190544698469e+01 -3.304154338729774736e+02 3.545685628740607171e+02 4.676437773146421932e+02 -6.778076434665628085e+02
1.265236405963245261e+02 -3.773424214855318723e+02 8.591099215856286264e+01 3.047994459618826113e+02 5.782635165078477257e+01 4.385910672107681876e+02 3.492007901699480499e+00 2.495012556447661609e+02 -3.910274303530782163e+02 5.941998877168327908e+01 1.092922819550020677e+02 -6.795723678971563686e+01 -3.936651335696850538e+02 -2.407714316267145591e+02 2.207784107195629986e+01 1.937942131366708054e+02 2.028245289679055077e+02 4.256042569411655450e+02 -5.086394893950551932e+01 -1.124284697674609106e+02 -3.251449845033877750e+02
-2.203956224454516359e+02 3.697790694921687873e+02 1.622770016726736912e+02 -2.683814524054071171e+02 -2.590066516546256707e+02 2.850807628542495422e+02 -1.363622595403449509e+02 -9.510318412018426670e+01 -3.357613845424029932e+02 1.362740062641162240e+02 -2.580919571786677125e+01 4.008546449718686517e+02 2.802546240290961350e+02 4.040750896828420764e+02 -2.684662682010876438e+02 -2.938242840841119801e+02 -1.633448235103730894e+01 4.511030423514747554e+02 1.177794195087287790e+02 -4.427435056570634515e+02 2.656846795652022664e+01
4.930027199805388136e+02 2.551019827936828506e+02 -4.664326724477397761e+02 -4.065977018156512486e+02 3.094041104895936769e+02 2.164559704769698101e+02 -4.817972423822373003e+02 -1.436069956920505888e+02 -3.885792854140410668e+02 9.559297600511490600e+01 -4.199559862231495799e+01 -4.559545439155900795e+02 -3.502455175508091543e+02 -2.936322787137288515e+01 -3.617333906624551219e+02 -3.898890520409419196e+02 -3.145736752505740128e+02 1.820392434259530319e+02 1.985288516971957051e+02 3.957575758899142784e+02 1.487968315560307246e+03
-7.617068584264643505e-01 -1.731921131948606103e+02 -1.585442213418436381e+02 1.857582541607292796e+02 2.364727095242521955e+02 -1.784966808865393659e+02 4.367498606601054689e+02 4.926561819503343713e+02 -3.165999522953463270e+02 -1.880922820925521251e+02 3.037633676618470417e+02 8.300564012705535788e+00 2.008695867403762350e+02 -3.622588349934245571e+02 2.406254401946669077e+02 1.421719442048529345e+02 -4.127834924143886042e+02 1.811752856310366724e+02 1.982666636723968168e+02 2.136113540089327216e+02 -9.374315396903776900e+02
-3.076370268201985709e+02 -3.478371866320206891e+02 3.015971325978138111e+02 3.341328646835429481e+02 -1.040577394262204507e+02 -7.714122407187852559e+01 8.735447678931643622e+01 5.748130803702144931e+01 -4.190059154950517950e+01 4.571976896072479803e+02 -1.631873172784732446e+02 -2.185448345940377521e+02 -3.240184996156133366e+02 4.861757322120556637e+02 2.732008690125502426e+02 -2.329700421568135198e+02 2.063348006127941971e+02 2.152485647807718578e+02 -4.411947803870693861e+02 1.271034276165322581e+02 -9.240765651798542990e+01
3.031774775088773595e+02 3.688288800624686701e+02 -2.470179115644197623e+02 4.940897237156195843e+01 -1.731084263933821035e+02 -3.111114613135178502e+02 -1.547613372135613190e+02 1.153047100646986109e+02 3.810245236866043115e+02 4.188745929468000213e+02 1.241943561687121473e+02 1.079167729764334354e+02 -9.599055309828497684e+01 -7.063964919878105775e+01 3.259705127953200190e+02 -3.176163929757856295e+02 -4.596785277102612781e+02 7.947753554072983206e+01 -1.791893462007822109e+02 -1.651391237088640764e+02 -2.203589015712404944e+02
4.734598590865609822e+02 3.511939392656224754e+02 -3.757408486986761886e+02 7.000060725885418833e+01 -1.394070244077149141e+02 -2.460451450507514437e+01 2.216576905650151730e+02 -1.547077089210926601e+02 -3.337401088539139096e+02 6.857731496261953907e+01 -2.401573503452369778e+02 -7.841225926932270340e+01 2.534608132985057409e+02 1.099527491537216974e+02 3.114099720067741828e+02 -2.660457631290341851e+02 -1.231943101744776641e+02 -3.057374042715624682e+02 4.660350385145829932e+02 2.875083754680762240e+02 -4.317090358213436616e+02
4.639930559032814017e+02 3.263641753607139435e+02 -3.867410418477913367e+02 -3.271915344103756524e+02 4.542612711326647741e+02 -4.505819497050532618e+02 1.106778302303313239e+02 4.792985662938239102e+02 7.777019895698049368e+01 -8.776906955150241174e+01 3.445152545567979132e+02 2.697372095990721164e+02 3.432164780388856116e+02 -3.690043302934933536e+02 -2.677324769166253873e+02 3.833798400505571635e+02 -4.955308065303086096e+01 -3.299052422092637471e+02 -2.028059582996190215e+02 -3.375424488388943018e+02 -5.998662108611219992e+02
-4.604425119002663109e+02 3.769831334704276742e+02 1.561687894343901917e+02 3.945403066722954009e+02 3.421669639106060004e+02 -1.887331235233558004e+02 -1.606696865791988671e+02 -2.868326471641930766e+02 -2.129649701693915631e+01 6.553250429641605024e+01 4.242893886296176333e+02 -1.939881479216257958e+02 1.213539800258137120e+02 -4.968706299937568360e+02 -9.280133982987257468e+01 -3.392705325401468599e+02 8.339300784953661605e+01 4.970274193910448730e+02 9.778192942880104965e+01 -2.450919279214301980e+02 4.540153693503518184e+01
7.077830678533848641e+01 1.228313395754538533e+02 4.883800178016263089e+02 4.286077392427840778e+02 -5.114809505154084945e+01 -4.217020145275085952e+01 2.491751428885288533e+02 1.328193380714812974e+02 -2.448241937351800459e+02 1.537119925213913803e+02 3.713272460847189222e+02 -2.785968325815002800e+01 5.632377956746245218e+01 1.482785036953004010e+02 -1.852266437661251643e+02 -2.891850345999805540e+02 2.277927515479018439e+02 4.819955024636333292e+02 -1.372923361726566895e+02 3.423915857825263629e+02 -1.523288982497301049e+03
1.932896923146065546e+02 -5.903313103244124704e+01 3.920700448288262123e+02 -3.825873752436068571e+02 4.641047232532500857e+02 1.609071719736748491e+02 2.264136169340190463e+02 -3.840879935379136896e+02 -8.660651026941599184e+01 -4.608810806574084040e+02 2.851098617832171840e+02 4.067857928996673991e+02 -5.702050897637036542e-01 4.238258754593294952e+02 3.867520103414210553e+02 -4.837937030874867332e+02 3.616271582311420616e+02 -4.223804224909434311e+02 -1.924733935832734346e+02 3.319007843671223554e+02 -8.918879323660770524e+02
-2.973696756811087312e+02 3.678968518728584058e+02 3.447914542280543628e+02 4.173462625854795078e+02 4.139849726412835480e+02 -2.050527814228060492e+02 -3.514716431086809507e+02 1.545270344307888308e+02 -4.763796384455239945e+02 -2.168608509146679921e+02 1.856709106733499084e+02 2.579447664193353376e+02 1.655193276845633363e+02 -3.992092518330094890e+02 3.392128700093471707e+02 3.864295858263909622e+02 -1.298451612694918822e+01 -3.049116335817839740e+02 1.253275173980493946e+02 -3.978717368787008013e+02 -4.708869757255904460e+02
3.619078875294451336e+01 4.798916685549687600e+02 5.133796225223363763e+00 -2.457943646874286685e+02 -1.847391726178335603e+01 -3.057103034296548003e+02 -3.075762123181426659e+02 -1.453003298837771808e+02 -8.255531580691643967e+01 2.163799754197331140e+02 1.184355128120153040e+02 1.316945832876469922e+02 -4.347094335558547868e+02 4.101696844067760139e+02 9.810191659392512520e+01 -1.220819024940255986e+02 -1.133547593852158002e+02 -2.162712136823859055e+02 -3.090924495740254088e+02 4.186133086762289395e+02 2.169014396897098038e+02
-3.796530452116662104e+02 3.406801609843400911e+02 4.817421161810869989e+02 6.656128319184165321e+01 1.700492870772360448e+02 -1.397633657772423703e+02 -4.677767181298511332e+02 -1.858647456543909016e+02 1.519498707609972143e+02 -1.833196290503158252e+02 -4.526357448525266705e+02 3.046448080267076648e+02 1.390729456453169632e+02 1.475315253719046495e+02 -4.489860593256996708e+02 -2.248470947521624907e+02 -4.829114632882543106e+02 4.926209862958558006e+02 1.276776050076377942e+02 -3.601715008540479630e+02 9.274860833653220880e+02
