1.763471755445400291e+01 -1.527742227152312360e+01 1.323523501534511126e+01 -1.146603417763310517e+01 9.933328694973866391e+00 -8.605505393911142775e+00 7.455176946082988643e+00 -6.458616984510039849e+00 5.595270729894386008e+00 -4.847331033237892939e+00 4.199371090348411606e+00 -3.638026252701471286e+00 3.151718371773382987e+00 -2.730416991245657510e+00 2.365432461495019290e+00 -2.049236709203797968e+00 1.775307965332602045e+00 -1.537996248855965087e+00 1.332406831764458399e+00 -1.154299281713567771e+00 -3.610880310048401043e-01
6.056892467366191745e+07 -2.472506091285757720e+07 1.009310699237740785e+07 -4.120143894432334695e+06 1.681898916126468917e+06 -6.865740703595341183e+05 2.802688970010688063e+05 -1.144095852397419512e+05 4.670355267669912428e+04 -1.906502700848467794e+04 7.782603977696790935e+03 -3.176965059986874621e+03 1.296880455603549080e+03 -5.294042850233352056e+02 2.161100476069984211e+02 -8.821906810716598102e+01 3.601222647384564368e+01 -1.470068187557973260e+01 6.001018786326672405e+00 -2.449697692844297059e+00 -1.260109879243591635e+00
1.036655796874352653e+01 9.222588927339266718e+00 8.204859007120376191e+00 7.299437485190638952e+00 6.493930919954506109e+00 5.777313509253212409e+00 5.139776168797542510e+00 4.572592265077527252e+00 4.067998164896434510e+00 3.619086966486870782e+00 3.219713957596781029e+00 2.864412506452305163e+00 2.548319234310039594e+00 2.267107445357970263e+00 2.016927902751219914e+00 1.794356140122908005e+00 1.596345587368236396e+00 1.420185869085881292e+00 1.263465704864297656e+00 1.124039903590747791e+00 9.461744281446661242e-01
2.400784712503271285e-22 2.892914219160011906e-21 3.485923846412688172e-20 4.200492701272349507e-19 5.061538837573745901e-18 6.099088184704431768e-17 7.349321595373260764e-16 8.855836524494730433e-15 1.067116733576438134e-13 1.285861725122367722e-12 1.549446582655649696e-11 1.867062892998703339e-10 2.249786398210671471e-09 2.710963222799833769e-08 3.266675272469606899e-07 3.936301033528367874e-06 4.743191328853044820e-05 5.715483594998420694e-04 6.887083075477633265e-03 8.298845145848687821e-02 -3.614995377375027630e-01
5.592854250149095724e-11 -1.820756322374362156e-10 5.927480740943384057e-10 -1.929694133283953535e-09 6.282128294925277521e-09 -2.045149810697668009e-08 6.657994793859040374e-08 -2.167513325585280128e-07 7.056349790064474115e-07 -2.297197981299511259e-06 7.478538794543420303e-06 -2.434641809577619097e-05 7.925987821669471401e-05 -2.580309050067266445e-04 8.400208205791374330e-04 -2.734691718374014820e-03 8.902801706018995120e-03 -2.898311267926786255e-02 9.435465916434118694e-02 -3.071720351274529470e-01 6.626981612983666725e-01
1.322354971845152140e+09 -4.626799178710357547e+08 1.618874742100764215e+08 -5.664294751911638677e+07 1.981884960098827630e+07 -6.934434324308985844e+06 2.426295186969720758e+06 -8.489385087512613973e+05 2.970358246231849189e+05 -1.039301200264280633e+05 3.636419904033570492e+04 -1.272350086297306916e+04 4.451836654796341463e+03 -1.557656954200673908e+03 5.450099307564815945e+02 -1.906939931941635678e+02 6.672208521019364014e+01 -2.334544775232382818e+01 8.168358783145707847e+00 -2.858034076624298869e+00 -4.893224013448206899e-01
8.223240505534452200e+08 2.946394143881876469e+08 1.055695555208280683e+08 3.782566251703766733e+07 1.355296740422996692e+07 4.856039874447258189e+06 1.739923262477701064e+06 6.234160010178325465e+05 2.233704892085992615e+05 8.003383834843493241e+04 2.867619309729667293e+04 1.027470464397045544e+04 3.681435508633821883e+03 1.319061508223820965e+03 4.726208725909164059e+02 1.693404650321259624e+02 6.067483422831760720e+01 2.173984527522945598e+01 7.789405255108865056e+00 2.790950600621384226e+00 1.398455401357751260e+00
3.107106640207721233e+09 1.041689654836419225e+09 3.492372366468484998e+08 1.170853976464610100e+08 3.925409121219378710e+07 1.316034029749741033e+07 4.412140273728552274e+06 1.479215685536591336e+06 4.959223661509781959e+05 1.662631052749887167e+05 5.574142660721665743e+04 1.868789010688067356e+04 6.265308548842090204e+03 2.100509527169194371e+03 7.042175559803789611e+02 2.360962231955790003e+02 7.915370205392854075e+01 2.653709773091961566e+01 8.896836631855647326e+00 2.982756549210083818e+00 1.040204369899201620e+00
4.219595842655011654e+09 1.393180262177810907e+09 4.599851064647386074e+08 1.518728795645055175e+08 5.014373557545375824e+07 1.655591323922372423e+07 5.466251367975051515e+06 1.804787424658558797e+06 5.958850826525947778e+05 1.967428556274797011e+05 6.495841625728733925e+04 2.144726337938569122e+04 7.081224157972529611e+03 2.338001575699865043e+03 7.719359317019741411e+02 2.548694102031221291e+02 8.415000985129194078e+01 2.778373502072703971e+01 9.173331447805205485e+00 3.028750806488576863e+00 -4.746256797537055094e-01
2.821983553078428304e+04 1.690545073177566519e+04 1.012742487930976495e+04 6.066962443851355602e+03 3.634490873420477328e+03 2.177287898388774920e+03 1.304331956681671272e+03 7.813766174330968397e+02 4.680935824224353610e+02 2.804174031018148412e+02 1.679876052891530662e+02 1.006351075883052033e+02 6.028673878574356593e+01 3.611553622309477873e+01 2.163547046917249972e+01 1.296100325164502998e+01 7.764453540703528667e+00 4.651394465015034285e+00 2.786476904749710659e+00 1.669274364731487381e+00 9.248277150486738929e-01
9.414627106940103552e-06 1.679240759177410473e-05 2.995179198551624640e-05 5.342353907506935988e-05 9.528894059779808104e-05 1.699621993872727074e-04 3.031532205031835453e-04 5.407194978222535243e-04 9.644547890332561641e-04 1.720250599128480109e-03 3.068326434221121859e-03 5.472823036195876081e-03 9.761605431372345418e-03 1.741129577323823410e-02 3.105567241315596028e-02 5.539247633227026985e-02 9.880083719975427115e-02 1.762261967278303254e-01 3.143260046508310479e-01 5.606478437047903718e-01 -1.077884705328857606e-02
2.432410442565741349e+01 2.073647900034743685e+01 1.767800177992487320e+01 1.507062731941092437e+01 1.284782129949192075e+01 1.095286272065616551e+01 9.337396511133270849e+00 7.960199614452993622e+00 6.786129069959251581e+00 5.785225243665020223e+00 4.931947325920808645e+00 4.204521587520376968e+00 3.584385763208519649e+00 3.055715384510355737e+00 2.605019974963580065e+00 2.220798803566142343e+00 1.893247412043264744e+00 1.614007427171132880e+00 1.375953273931664000e+00 1.173010346898808898e+00 6.632182739667642490e-01
1.325037753473542398e+04 8.243598658674634862e+03 5.128677931414062186e+03 3.190759086323902920e+03 1.985100972045536309e+03 1.235012034003531653e+03 7.683512051086501060e+02 4.780225278276329846e+02 2.973972521828841309e+02 1.850229235175749807e+02 1.151102842266294743e+02 7.161478849660915103e+01 4.455447196461356896e+01 2.771914870822424959e+01 1.724520954302626663e+01 1.072894609114191944e+01 6.674913629749344324e+00 4.152735188165297409e+00 2.583585421415236283e+00 1.607353545868249967e+00 8.689070660361239984e-01
2.192382650592892244e+07 9.416088653741540387e+06 4.044126398790049832e+06 1.736916349326408934e+06 7.459901365743639180e+05 3.203961342652189778e+05 1.376072924013295269e+05 5.910110921110634808e+04 2.538340119211132696e+04 1.090194523724096143e+04 4.682288597035527346e+03 2.011001342314333215e+03 8.637072053504959968e+02 3.709545691878312823e+02 1.593216909027497366e+02 6.842725039803606535e+01 2.938889595324220494e+01 1.262226964150068120e+01 5.421152640651451193e+00 2.328336882981380640e+00 8.504543324337259236e-01
5.440424960010838731e+03 -3.538760599631997138e+03 2.301810368409688181e+03 -1.497227863526379451e+03 9.738818219280776702e+02 -6.334679083837670532e+02 4.120434142180137087e+02 -2.680163792884386567e+02 1.743330364913373103e+02 -1.133960830788708449e+02 7.375923643863755785e+01 -4.797718591590891180e+01 3.120707967638237079e+01 -2.029885253451568161e+01 1.320352363921606020e+01 -8.588319768070910243e+00 5.586329714256255130e+00 -3.633665317446842291e+00 2.363541773325839479e+00 -1.537381466431100074e+00 -5.383645877368364863e-01
1.351448290337724061e-02 1.675943839936511887e-02 2.078353848018284211e-02 2.577386314887522220e-02 3.196241209120152110e-02 3.963689031740544322e-02 4.915408353884875847e-02 6.095644509940651573e-02 7.559266558637553479e-02 9.374318140001308697e-02 1.162518081725064656e-01 1.441649696708005579e-01 1.787803459309817988e-01 2.217072022710330492e-01 2.749412038716196882e-01 3.409571940471508023e-01 4.228242494594909306e-01 5.243483611794926835e-01 6.502493748243752814e-01 8.063804156999196948e-01 9.164157614831640597e-01
1.161576943486423261e+04 -7.274373296685917921e+03 4.555574829224013229e+03 -2.852927830101080417e+03 1.786645485779820319e+03 -1.118886379871835970e+03 7.007023727017005967e+02 -4.388147214429700398e+02 2.748076319659421642e+02 -1.720982248234429051e+02 1.077764790428052208e+02 -6.749499854970005686e+01 4.226872940815491830e+01 -2.647078337907098344e+01 1.657732282263762258e+01 -1.038154511827623949e+01 6.501440564071543804e+00 -4.071525859261810432e+00 2.549792259002984895e+00 -1.596806894713003411e+00 -6.933444741310055282e-01
7.538943922198350906e+09 -2.417937034550323009e+09 7.754958205532319546e+08 -2.487218480473686159e+08 7.977161972577248514e+07 -2.558485056150489673e+07 8.205732571367801167e+06 -2.631793641746635083e+06 8.440852431513590273e+05 -2.707202747222381877e+05 8.682709209802174882e+04 -2.784772559031045967e+04 8.931495939974025532e+03 -2.864564988155758329e+03 9.187411186789013300e+02 -2.946643719522632523e+02 9.450659204507390143e+01 -3.031074262829766752e+01 9.721450099911736586e+00 -3.117924004832660412e+00 5.178711290214510488e-01
3.841003779459071636e+09 1.274155689352515936e+09 4.226688683284811974e+08 1.402096884603344798e+08 4.651101183744164556e+07 1.542884978846971877e+07 5.118130016761554405e+06 1.697809961702515138e+06 5.632054396070629591e+05 1.868291353909277241e+05 6.197583222078644758e+04 2.055891213874122332e+04 6.819898227792086800e+03 2.262328450239167523e+03 7.504701457133808162e+02 2.489494571610599962e+02 8.258267510678064127e+01 2.739471017757590232e+01 9.087501037511943380e+00 3.014548231080727447e+00 -7.738171521722828072e-02
5.220006589188376665e+08 1.913319504039333761e+08 7.013001730916422606e+07 2.570516485825028643e+07 9.421864213677888736e+06 3.453450921264647041e+06 1.265813537014254602e+06 4.639660290587783093e+05 1.700601785538867698e+05 6.233315052925138298e+04 2.284733373763419513e+04 8.374366681078887268e+03 3.069505532439693980e+03 1.125083791108135529e+03 4.123835333204840481e+02 1.511533451089792948e+02 5.540311843605641684e+01 2.030722859773051425e+01 7.443327107957597555e+00 2.728246159707294005e+00 1.213830551005695924e+00
2.856287848097999573e+09 9.616385691785159111e+08 3.237589440950403214e+08 1.090012996994060725e+08 3.669793083051308244e+07 1.235524834066231549e+07 4.159693969244549982e+06 1.400461847523004049e+06 4.714994422351075918e+05 1.587417211123745656e+05 5.344424990677668393e+04 1.799330275672146672e+04 6.057881711498919685e+03 2.039532782096073561e+03 6.866581698597254899e+02 2.311801243765922891e+02 7.783239500040404835e+01 2.620416321617092592e+01 8.822266998929698900e+00 2.970230125584497394e+00 1.700171005940034619e-01
6.979516902726875735e-03 8.946107142741731647e-03 1.146681555827252716e-02 1.469777378578807775e-02 1.883910604128904639e-02 2.414732473145785735e-02 3.095121872601226676e-02 3.967221840427934826e-02 5.085049887854995593e-02 6.517843821706953422e-02 8.354350305515609310e-02 1.070832179114567240e-01 1.372556229860512622e-01 1.759295845672701752e-01 2.255005518364643635e-01 2.890389299993273986e-01 3.704802599141434061e-01 4.748689838644595818e-01 6.086708962272990853e-01 7.801736321020462661e-01 9.779850862952669255e-01
7.174859164420418441e+07 2.904174525916706771e+07 1.175525467985244095e+07 4.758185548252273351e+06 1.925975261973735411e+06 7.795788272900138982e+05 3.155508588080510381e+05 1.277258193897258025e+05 5.169970064540550084e+04 2.092653669865237316e+04 8.470454040026672374e+03 3.428593688358601867e+03 1.387795108066653711e+03 5.617391376858577132e+02 2.273756817370879162e+02 9.203506962037174333e+01 3.725312212508709564e+01 1.507898145555885705e+01 6.103533576960734841e+00 2.470533055225275554e+00 1.347627095381770390e-01
5.233796148257406633e-02 6.065630670666954938e-02 7.029672992744571969e-02 8.146935589714825177e-02 9.441770559095158388e-02 1.094240040428705318e-01 1.268153317837203142e-01 1.469707539591984524e-01 1.703295825158906984e-01 1.974009515395959979e-01 2.287749144521183386e-01 2.651353049434301834e-01 3.072746419588697209e-01 3.561114036137010830e-01 4.127100465410197816e-01 4.783042070190459127e-01 5.543235895746001507e-01 6.424251291325859814e-01 7.445291059284385726e-01 8.628610003519909810e-01 1.961266070109896065e-01
1.847967626675923541e+07 -8.004968750776915811e+06 3.467567492845073808e+06 -1.502070113174256869e+06 6.506620648471193854e+05 -2.818517717102080351e+05 1.220916747848957311e+05 -5.288729235701613652e+04 2.290955298782198224e+04 -9.923888985634479468e+03 4.298799398292415390e+03 -1.862140567423703942e+03 8.066362655169425580e+02 -3.494161913605259997e+02 1.513590201733018148e+02 -6.556523010172705312e+01 2.840134267102424559e+01 -1.230280537817703568e+01 5.329291010164883602e+00 -2.308525722222926291e+00 4.495795445569183979e-02
5.356428708816664584e+04 -3.107646152201993391e+04 1.802967076066876325e+04 -1.046029733815669715e+04 6.068764197366271219e+03 -3.520922751295787293e+03 2.042738293567628716e+03 -1.185138110306992985e+03 6.875831059342353910e+02 -3.989159773485856135e+02 2.314395970618827505e+02 -1.342746095159794777e+02 7.790227337739426616e+01 -4.519666241624074843e+01 2.622180592434921209e+01 -1.521313896149912637e+01 8.826226451739966450e+00 -5.120723183726026306e+00 2.970896573719786105e+00 -1.723628896752368300e+00 -1.263049157378463017e+00
3.558798936066141323e+04 -2.107357802110925695e+04 1.247880812009789406e+04 -7.389378867804833135e+03 4.375651867266013141e+03 -2.591060711060327321e+03 1.534307529953297262e+03 -9.085466760475986803e+02 5.379997467536813929e+02 -3.185788194902397095e+02 1.886477918255642123e+02 -1.117085857044922648e+02 6.614871024642894781e+01 -3.917023780823007684e+01 2.319482155037372451e+01 -1.373491142401596399e+01 8.133185737853828812e+00 -4.816100242973948120e+00 2.851874074683843574e+00 -1.688749263414744961e+00 -1.532427313586755213e+00
3.114010774145868243e+00 -2.942077477020750731e+00 2.779637101020294931e+00 -2.626165515257779859e+00 2.481167527587554211e+00 -2.344175286815711079e+00 2.214746773129212087e+00 -2.092464371872663431e+00 1.976933526070890901e+00 -1.867781463349533322e+00 1.764655993145935575e+00 -1.667224370329409178e+00 1.575172221564218100e+00 -1.488202530951084013e+00 1.406034681674278808e+00 -1.328403550562078150e+00 1.255058652639078121e+00 -1.185763332910188650e+00 1.120294002768504660e+00 -1.058439418563247081e+00 -6.406020847825393272e-01
3.445735828656319529e+06 -1.623371360058556078e+06 7.648103928170335712e+05 -3.603210894023941946e+05 1.697561757626217441e+05 -7.997633237994603405e+04 3.767882795552450989e+04 -1.775142762683128240e+04 8.363136538179571289e+03 -3.940080438968005637e+03 1.856269330850542019e+03 -8.745343862976650371e+02 4.120147761459796811e+02 -1.941103499443667317e+02 9.145018610248735058e+01 -4.308444418639449225e+01 2.029814711115228221e+01 -9.562959066235061201e+00 4.505346502895451799e+00 -2.122580152290002964e+00 -1.203143317277179047e+00
5.201891891341831069e+05 -2.693724994909683592e+05 1.394906795406208257e+05 -7.223324472792577581e+04 3.740494820949665154e+04 -1.936961513808634481e+04 1.003027697020924097e+04 -5.194034852106487051e+03 2.689656340001753051e+03 -1.392799900905114328e+03 7.212414222257226584e+02 -3.734845104426967168e+02 1.934035889261020031e+02 -1.001512704373201785e+02 5.186189680296848792e+01 -2.685593830469757748e+01 1.390696188698674796e+01 -7.201520450777633364e+00 3.729203921346585293e+00 -1.931114683633933016e+00 -1.498850982586129144e+00
2.192549857233965213e+03 -1.492457606778428499e+03 1.015908350125653442e+03 -6.915236795789599000e+02 4.707166737622313235e+02 -3.204144608506917393e+02 2.181045041419074266e+02 -1.484626336798013995e+02 1.010577644228844321e+02 -6.878950950161311084e+01 4.682467145890043980e+01 -3.187331721245301352e+01 2.169600594031609830e+01 -1.476836159301049278e+01 1.005274909777839909e+01 -6.842855504750954054e+00 4.657897158623845790e+00 -3.170607055088725534e+00 2.158216198304480749e+00 -1.469086858665777040e+00 -3.454535278560376677e-01
9.624675289461687498e+04 -5.422715027834296779e+04 3.055255100948408290e+04 -1.721385631359514809e+04 9.698596005718711240e+03 -5.464363287838885299e+03 3.078720479116263959e+03 -1.734606447127083356e+03 9.773084457730719805e+02 -5.506331420370889873e+02 3.102366079214651222e+02 -1.747928803169170351e+02 9.848145005897664817e+01 -5.548621882158004581e+01 3.126193285408104572e+01 -1.761353479348949591e+01 9.923782044108820699e+00 -5.591237148796412981e+00 3.150203492492004376e+00 -1.774881261519204889e+00 -1.122495718577023238e+00
7.986927323180189831e+01 -6.415946678550363913e+01 5.153968493306742005e+01 -4.140213839183645916e+01 3.325858638140418577e+01 -2.671682215108550551e+01 2.146178366293500872e+01 -1.724037968998904802e+01 1.384930052986747206e+01 -1.112522627781576823e+01 8.936961073642534004e+00 -7.179114495052117739e+00 5.767025782966830327e+00 -4.632686441249290077e+00 3.721464836575441026e+00 -2.989475049844459331e+00 2.401463258716824534e+00 -1.929109856015317925e+00 1.549665531241120719e+00 -1.244855626665646975e+00 -5.913505785876409515e-01
1.670009400809954514e+03 -1.152346189570715524e+03 7.951462668258725444e+02 -5.486698280164027892e+02 3.785952254762618168e+02 -2.612397063487450737e+02 1.802616081260053704e+02 -1.243847951689049154e+02 8.582846580618311805e+01 -5.922368190292047530e+01 4.086574850421749261e+01 -2.819833801531346396e+01 1.945752362137232083e+01 -1.342615388434101575e+01 9.264365375252808121e+00 -6.392632361102701388e+00 4.411068308400167837e+00 -3.043742002084409481e+00 2.100254343740340257e+00 -1.449225428889632905e+00 -5.397474024756558908e-01
1.697495918626874313e+07 7.384452509406691417e+06 3.212387038184626959e+06 1.397453700183078414e+06 6.079207831877507269e+05 2.644579055343240616e+05 1.150445678676555253e+05 5.004672697953356692e+04 2.177134416503081229e+04 9.470977531578802882e+03 4.120067861852367969e+03 1.792313320316686941e+03 7.796927492209675847e+02 3.391822045267934413e+02 1.475511577895300945e+02 6.418775476562775850e+01 2.792297887441394622e+01 1.214706375176857733e+01 5.284219798079367258e+00 2.298743090925857935e+00 9.869376829815597052e-01
7.536051196854655445e+07 -3.042892769252140820e+07 1.228653596333249658e+07 -4.961034693817500025e+06 2.003157383554785280e+06 -8.088311715075591346e+05 3.265883496589464485e+05 -1.318692378462041379e+05 5.324591617642965139e+04 -2.149953723683390854e+04 8.681043253465943053e+03 -3.505215537357510129e+03 1.415329425806863355e+03 -5.714790894328036757e+02 2.307507663615218689e+02 -9.317211628736326645e+01 3.762086423524668533e+01 -1.519048275603912046e+01 6.133584941553078984e+00 -2.476607546938569548e+00 4.213291399087526479e-02
1.742888377886611408e+02 -1.346499186013429608e+02 1.040261717811961120e+02 -8.036725553091416430e+01 6.208914209740024148e+01 -4.796806287491386200e+01 3.705857382216966300e+01 -2.863025545380990167e+01 2.211880930129170508e+01 -1.708827662038215323e+01 1.320184978662691577e+01 -1.019932212361175061e+01 7.879666369675828008e+00 -6.087575364804091116e+00 4.703063820669639128e+00 -3.633434984505284238e+00 2.807074343453665577e+00 -2.168654841294400004e+00 1.675432583977542800e+00 -1.294385021536305747e+00 -4.214278671362295947e-01
6.121001487349378323e+00 -5.590895318297564032e+00 5.106698719934072095e+00 -4.664435717626204791e+00 4.260474673968620785e+00 -3.891498467635790881e+00 3.554477254879521819e+00 -3.246643590002903146e+00 2.965469700512744833e+00 -2.708646730345687814e+00 2.474065780723984531e+00 -2.259800592958164600e+00 2.064091730996619578e+00 -1.885332133837303914e+00 1.722053919165350777e+00 -1.572916329854828765e+00 1.436694724357481467e+00 -1.312270520573159516e+00 1.198622010626152923e+00 -1.094815971123070941e+00 -1.032518335095726103e+00
3.144868428658105135e+08 -1.182285481915999502e+08 4.444697743192324787e+07 -1.670944820900925808e+07 6.281769325646612793e+06 -2.361575640741903801e+06 8.878134834044487216e+05 -3.337656299110195832e+05 1.254762377371453040e+05 -4.717168223961814510e+04 1.773377689229822499e+04 -6.666856638020893115e+03 2.506345811265199700e+03 -9.422385490970153796e+02 3.542262521851610018e+02 -1.331682277883813583e+02 5.006341789435875000e+01 -1.882089934581131985e+01 7.075550713150089877e+00 -2.659990735538394713e+00 -5.529621323641160657e-01
1.503830622708156705e+08 -5.865958389567787945e+07 2.288121235766220093e+07 -8.925223197756255046e+06 3.481441799699519761e+06 -1.357998196363541065e+06 5.297113114129320020e+05 -2.066233034699054842e+05 8.059708867257987731e+04 -3.143832565546908154e+04 1.226307719419622845e+04 -4.783431023612884019e+03 1.865862213481884964e+03 -7.278126897855876223e+02 2.838962639285340970e+02 -1.107387790893336046e+02 4.319562724954790411e+01 -1.684922146357314787e+01 6.572338035246505505e+00 -2.563657160239353416e+00 -3.114494944243159646e-01
7.514373199176352343e-07 1.520891113558403264e-06 3.078247137837735718e-06 6.230298380425340914e-06 1.260997449879762467e-05 2.552228595662712528e-05 5.165649466729347006e-05 1.045515063128286541e-04 2.116097412858807415e-04 4.282930412604008582e-04 8.668548436258720867e-04 1.754493413449516358e-03 3.551052590260755926e-03 7.187245276689357282e-03 1.454681206608103398e-02 2.944239874103114080e-02 5.959070892564340138e-02 1.206101656830013413e-01 2.441120827112893965e-01 4.940770007916674977e-01 4.183626280618635285e-02
6.402945043910658836e+09 2.070431114371912479e+09 6.694864581784988642e+08 2.164825067461183369e+08 7.000093154175209999e+07 2.263522577581629902e+07 7.319237539240245707e+06 2.366719850131102372e+06 7.652932179034076398e+05 2.474622035795701668e+05 8.001840440742779174e+04 2.587443638378426476e+04 8.366655935423190385e+03 2.705408941221316582e+03 8.748103896864780609e+02 2.828752453068804584e+02 9.146942623315831611e+01 2.957719374258616440e+01 9.563964984939996583e+00 3.092566084166997520e+00 -1.603814585135832776e-02
8.608883569209990240e-04 -1.225178854135107204e-03 1.743621240259800873e-03 -2.481445887858806532e-03 3.531485825129026743e-03 -5.025856978831230899e-03 7.152580987846302550e-03 -1.017924206820496752e-02 1.448665443413785225e-02 -2.061677630691552063e-02 2.934089904759223585e-02 -4.175669096396170121e-02 5.942630583444528936e-02 -8.457293295047950410e-02 1.203605185853644233e-01 -1.712918534186382014e-01 2.437751132385036767e-01 -3.469301350205317713e-01 4.937358739635025473e-01 -7.026634144193808496e-01 1.720004646978825491e-01
3.591789242262451053e+08 -1.341359851034796983e+08 5.009331362757676840e+07 -1.870743386463318393e+07 6.986323252669878304e+06 -2.609054397517864592e+06 9.743558382595445728e+05 -3.638748584366989089e+05 1.358896897860617610e+05 -5.074823764820376527e+04 1.895201636307454100e+04 -7.077663006076000784e+03 2.643165385039286321e+03 -9.870946450364041311e+02 3.686321876695818105e+02 -1.376663225450383834e+02 5.141172419827297091e+01 -1.919979655281747455e+01 7.170196942781485561e+00 -2.677722342361411823e+00 -6.136429575325779151e-01
2.812981525721088005e-02 -3.362858052317526519e-02 4.020223444993260148e-02 -4.806089432331297345e-02 5.745575077507986128e-02 -6.868709672609628336e-02 8.211392581273861679e-02 -9.816540709629657802e-02 1.173546028277544506e-01 -1.402948677363511087e-01 1.677194540213235996e-01 -2.005049486918779322e-01 2.396992923958680966e-01 -2.865552753182858958e-01 3.425705807972342920e-01 -4.095356565933223059e-01 4.895909439479738667e-01 -5.852952936742565893e-01 6.997077561010552893e-01 -8.364853591671854716e-01 -1.240194369020953591e+00
4.540720896386193321e-20 -4.209868861148244525e-19 3.903123806215606317e-18 -3.618729216779407268e-17 3.355056563545125288e-16 -3.110595977282098902e-15 2.883947602856394628e-14 -2.673813583237610242e-13 2.478990627577620481e-12 -2.298363120803837334e-11 2.130896735270433711e-10 -1.975632507885919030e-09 1.831681348800911005e-08 -1.698218950211189532e-07 1.574481066122301873e-06 -1.459759136046229343e-05 1.353396227570075288e-04 -1.254783274562703936e-03 1.163355589478159285e-02 -1.078589629784265647e-01 -5.071193236188724640e-01
3.057651631734297276e+08 -1.151114708330304176e+08 4.333603795743028075e+07 -1.631472669280632213e+07 6.142008351627130993e+06 -2.312283086427138653e+06 8.705056661736037349e+05 -3.277194385447180830e+05 1.233766011795799423e+05 -4.644761319688419462e+04 1.748614203229030682e+04 -6.583011313785681523e+03 2.478307557916718906e+03 -9.330089314543585033e+02 3.512500550598959421e+02 -1.322351769851362349e+02 4.978260296445655797e+01 -1.874166628290814529e+01 7.055678774183002488e+00 -2.656252769256533419e+00 -7.868352105403069174e-01
1.007209566574817305e+00 1.006847856875682679e+00 1.006486277073950664e+00 1.006124827122972132e+00 1.005763506976115274e+00 1.005402316586764488e+00 1.005041255908321496e+00 1.004680324894204224e+00 1.004319523497847699e+00 1.003958851672703378e+00 1.003598309372239372e+00 1.003237896549941333e+00 1.002877613159310233e+00 1.002517459153865031e+00 1.002157434487140675e+00 1.001797539112688984e+00 1.001437772984078212e+00 1.001078136054893930e+00 1.000718628278737699e+00 1.000359249609227952e+00 1.022074212462112497e+00
4.849040759830207289e-05 -7.968435157752264705e-05 1.309454013859964489e-04 -2.151827530083893808e-04 3.536101054498070597e-04 -5.810879586216126337e-04 9.549026185931847998e-04 -1.569192748648719042e-03 2.578656539909184552e-03 -4.237509736482325193e-03 6.963505410229970695e-03 -1.144313774215780649e-02 1.880452353689949369e-02 -3.090149864639553032e-02 5.078047400240750381e-02 -8.344762075835338022e-02 1.371295866576556499e-01 -2.253452329258542608e-01 3.703101222727454012e-01 -6.085311185738535578e-01 -1.372439152616535818e-01
1.330706738315708648e+01 -1.169171548125065563e+01 1.027245199551136778e+01 -9.025473650065057640e+00 7.929866661203471168e+00 -6.967255980411954042e+00 6.121497115970308656e+00 -5.378405364491451124e+00 4.725517911185883158e+00 -4.151884808900050849e+00 3.647885330319072139e+00 -3.205066613272081089e+00 2.816001892968730047e+00 -2.474165943499002207e+00 2.173825639554811229e+00 -1.909943802921717504e+00 1.678094721095543473e+00 -1.474389921138506532e+00 1.295412953885958229e+00 -1.138162094732537710e+00 -1.607888197998632140e+00
1.455907957205592990e+08 -5.688230984633409977e+07 2.222391297087642178e+07 -8.682880654308024794e+06 3.392400634206739254e+06 -1.325410600600203499e+06 5.178377938235978945e+05 -2.023191761033587682e+05 7.904608259065345919e+04 -3.088329684446890315e+04 1.206610109855537848e+04 -4.714224535475205812e+03 1.841847071340815546e+03 -7.196094731335864481e+02 2.811513517496464942e+02 -1.098458060125892075e+02 4.291674581490092066e+01 -1.676756845072196356e+01 6.551087376527725326e+00 -2.559509206181475260e+00 -2.665869074548644080e-01
3.113815265382542014e+08 -1.171192280580794513e+08 4.405178988431498408e+07 -1.656909991798709519e+07 6.232098010391866788e+06 -2.344064904151331633e+06 8.816678212877617916e+05 -3.316197199649401009e+05 1.247313738965781668e+05 -4.691492905118191993e+04 1.764600596560746271e+04 -6.637152242062478763e+03 2.496417034550090193e+03 -9.389716828998422216e+02 3.531732915957521186e+02 -1.328382699586510967e+02 4.996415749865187195e+01 -1.879290535270563467e+01 7.068532909922105922e+00 -2.658671267742987787e+00 4.999653479398917799e-01
7.351550382865309715e+07 -2.972076549750700220e+07 1.201547776665745862e+07 -4.857603885510610417e+06 1.963826654817401664e+06 -7.939336391085571377e+05 3.209706018410088727e+05 -1.297616351939118613e+05 5.245988844965471799e+04 -2.120842490954781169e+04 8.574118253712920705e+03 -3.466334918419952373e+03 1.401365996025806908e+03 -5.665426743335482342e+02 2.290412374435108518e+02 -9.259653478242542235e+01 3.743482330699327321e+01 -1.513410841257293349e+01 6.118400387927654727e+00 -2.473540051813928997e+00 -1.040614863619421238e+00
3.176209216812573140e+05 -1.685829489823230251e+05 8.947839625028576120e+04 -4.749224903144074051e+04 2.520735521181382865e+04 -1.337925176703895886e+04 7.101275653144359239e+03 -3.769128257693395881e+03 2.000531808204412528e+03 -1.061817810913871426e+03 5.635786739056555916e+02 -2.991293971683253972e+02 1.587682437133252051e+02 -8.426906700055695865e+01 4.472730495127570549e+01 -2.373981200232334743e+01 1.260032712723464243e+01 -6.687847557419031475e+00 3.549693948389725850e+00 -1.884063148726635939e+00 -6.379747462592348928e-01
3.607466983289202744e+02 2.687461471363249643e+02 2.002083232783093933e+02 1.491495715828038726e+02 1.111122371891120508e+02 8.277549256194386373e+01 6.166541455925101900e+01 4.593899999953064395e+01 3.422326333230296314e+01 2.549536892670974098e+01 1.899333299684181853e+01 1.414949904690301707e+01 1.054097894832885274e+01 7.852732935688760740e+00 5.850065241713374498e+00 4.358134118730379036e+00 3.246687380751164032e+00 2.418690811516299277e+00 1.801856648224592794e+00 1.342332540104944627e+00 1.047838406287523672e+00
2.976392301337275198e-02 3.548180166063032159e-02 4.229812879567879103e-02 5.042392482569466039e-02 6.011074880189633957e-02 7.165848620501358290e-02 8.542463282427331661e-02 1.018353621409791021e-01 1.213987188416408430e-01 1.447203469065020953e-01 1.725222391849026427e-01 2.056650889083482536e-01 2.451749351012381672e-01 2.922749267800324180e-01 3.484231892995081070e-01 4.153579651155165364e-01 4.951514264356290385e-01 5.902738256940655015e-01 7.036699698265010960e-01 8.388503858415403691e-01 5.179772162560647430e-01
9.460246949554038048e+08 3.365947591769492030e+08 1.197601209667462856e+08 4.261054631106065959e+07 1.516079511502161808e+07 5.394197643976228312e+06 1.919250804560272489e+06 6.828677578988402383e+05 2.429637511000689410e+05 8.644629017227832810e+04 3.075751444696732506e+04 1.094349674312311799e+04 3.893686571235750762e+03 1.385370277059628734e+03 4.929135330867564448e+02 1.753782040248084115e+02 6.239941162571768274e+01 2.220165608883167252e+01 7.899329821302417010e+00 2.810574642542413848e+00 3.448951085077895939e-01
8.405095474712047577e+08 3.008261034986366630e+08 1.076684313919382095e+08 3.853552262778633088e+07 1.379221824817838334e+07 4.936361861308231018e+06 1.766769346837796504e+06 6.323430114376590354e+05 2.263213841861823166e+05 8.100250657233572565e+04 2.899154268870845772e+04 1.037633998054893163e+04 3.713787587918617646e+03 1.329198761223390648e+03 4.757324712337621122e+02 1.702690303276214081e+02 6.094085319322841343e+01 2.181129228711041179e+01 7.806462271299875688e+00 2.794004701373975053e+00 6.619105550205417465e-01
2.195089358893265016e+06 -1.057741622218616540e+06 5.096910222997770179e+05 -2.456033995032662351e+05 1.183482290415602474e+05 -5.702813293953342509e+04 2.747998827618300857e+04 -1.324170574652753021e+04 6.380744027812789682e+03 -3.074671430389191755e+03 1.481583395861759982e+03 -7.139264824194274297e+02 3.440177743105147101e+02 -1.657708909193137288e+02 7.987955951188507697e+01 -3.849134182984220587e+01 1.854771614810067959e+01 -8.937536546044725583e+00 4.306705950967709029e+00 -2.075260453766637259e+00 -8.736857171525723720e-01
2.024562526960562170e+07 -8.730007854276156053e+06 3.764420022637709044e+06 -1.623235436139324913e+06 6.999466757942088880e+05 -3.018202646688105888e+05 1.301463030185657262e+05 -5.611969165816807072e+04 2.419907226529965556e+04 -1.043475260106785026e+04 4.499513892589467105e+03 -1.940211334529748910e+03 8.366281586189941208e+02 -3.607579562789512693e+02 1.555605099801992139e+02 -6.707841599642516428e+01 2.892452520991475495e+01 -1.247238990651748303e+01 5.378152583361200278e+00 -2.319084427820858885e+00 -7.456561112653711243e-01
5.873088790429012995e+00 -5.375554116249562142e+00 4.920167749518527422e+00 -4.503359125382925932e+00 4.121860156933517594e+00 -3.772679610994014165e+00 3.453079654647661645e+00 -3.160554388608678433e+00 2.892810199124359993e+00 -2.647747774352267047e+00 2.423445644207646410e+00 -2.218145114621342451e+00 2.030236478081683060e+00 -1.858246392340817010e+00 1.700826328325252490e+00 -1.556741996673709050e+00 1.424863669998531313e+00 -1.304157324990069089e+00 1.193676534911586096e+00 -1.092555048915882399e+00 -5.118066965693353065e-01
4.305326417472767644e+05 -2.250638686803103192e+05 1.176536691382433637e+05 -6.150425629337029386e+04 3.215176857557931362e+04 -1.680755584795257164e+04 8.786264211811079804e+03 -4.593079416074418987e+03 2.401063525270202263e+03 -1.255172299483175948e+03 6.561498622626364750e+02 -3.430068062564405977e+02 1.793091424762812096e+02 -9.373507460823338988e+01 4.900064821275533689e+01 -2.561542235183008742e+01 1.339063637308851717e+01 -7.000046300757969853e+00 3.659321846064994332e+00 -1.912935400389933260e+00 -1.126538884031570875e+00
8.058029798710025825e-04 1.150581602868344351e-03 1.642880527782381375e-03 2.345819211638617511e-03 3.349524010197376354e-03 4.782683609727846584e-03 6.829048677101881397e-03 9.750991209071580013e-03 1.392314421160959631e-02 1.988043477640825257e-02 2.838666905205685861e-02 4.053246264147271349e-02 5.787507244226460651e-02 8.263805828492028216e-02 1.179963737222868847e-01 1.684834385097148390e-01 2.405723850367381678e-01 3.435060024545231738e-01 4.904817886902002044e-01 7.003440502283146962e-01 1.340592427663890307e-01
1.108273826636305603e+04 6.956883377390378882e+03 4.366991727441837611e+03 2.741258651758381802e+03 1.720749537632427973e+03 1.080153078354314857e+03 6.780363133402915992e+02 4.256186011232113628e+02 2.671703418503537932e+02 1.677088157708861047e+02 1.052745850923339219e+02 6.608321819828266541e+01 4.148191820097557070e+01 2.603913042596260752e+01 1.634534618325209365e+01 1.026034039846310009e+01 6.440645790677792526e+00 4.042937815902205578e+00 2.537842743488609720e+00 1.593060809727177229e+00 1.247765603853191685e+00
2.506895809674766064e+09 -8.495314674603197575e+08 2.878873989976133108e+08 -9.755866342347368598e+07 3.306047031622084230e+07 -1.120346117069427855e+07 3.796604857786015142e+06 -1.286585299538385356e+06 4.359952628711442230e+05 -1.477491382143735827e+05 5.006891061002591596e+04 -1.696724488529629525e+04 5.749823503049536157e+03 -1.948487838757536338e+03 6.602993736716280182e+02 -2.237608335031533500e+02 7.582759064515722969e+01 -2.569629104893599347e+01 8.707903918002152466e+00 -2.950915776162063242e+00 -4.647029905023262186e-01
5.054450787920927198e-05 8.288773530619148540e-05 1.359272639592815307e-04 2.229065738037611891e-04 3.655435944021944231e-04 5.994534711484645435e-04 9.830413378180259763e-04 1.612085538528338106e-03 2.643652594814154336e-03 4.335315264007472309e-03 7.109466075536845057e-03 1.165878484059473114e-02 1.911919439731168263e-02 3.135349004206750001e-02 5.141646229384275874e-02 8.431764984590620071e-02 1.382721750653821413e-01 2.267519841012262394e-01 3.718496672922837476e-01 6.097947747335030755e-01 6.781430162261219419e-01
2.738914649917102814e+09 9.240587292853145599e+08 3.117601839817222357e+08 1.051820725631685853e+08 3.548646991218183190e+07 1.197247321849360317e+07 4.039289208598926663e+06 1.362780856799162691e+06 4.597768487843536423e+05 1.551201351438005222e+05 5.233464101259416202e+04 1.765673197343501306e+04 5.957052115953144494e+03 2.009798300476673830e+03 6.780684690975931517e+02 2.287676572695409618e+02 7.718194164409926827e+01 2.603974786931688357e+01 8.785325357896500265e+00 2.964004952407552906e+00 8.336379977392895935e-01
9.681743899721698199e+01 -7.702929286571267653e+01 6.128557025312652939e+01 -4.875964690210398089e+01 3.879384912628055559e+01 -3.086492264913591299e+01 2.455655913482900132e+01 -1.953753791633869241e+01 1.554433525220470891e+01 -1.236728801078198892e+01 9.839585306160874012e+00 -7.828510091526134751e+00 6.228470849757631989e+00 -4.955457510142631250e+00 3.942630499070983063e+00 -3.136811327791467985e+00 2.495690455516796025e+00 -1.985605826711581479e+00 1.579775444649269112e+00 -1.256891182501201687e+00 -5.938804311644301226e-01
8.244766193942829613e-01 -8.324716015480199127e-01 8.405441113576478385e-01 -8.486949006118903460e-01 8.569247283895956580e-01 -8.652343611304295079e-01 8.736245727062530442e-01 -8.820961444931934015e-01 8.906498654444126029e-01 -8.992865321635824527e-01 9.080069489790719706e-01 -9.168119280188538056e-01 9.257022892861374030e-01 -9.346788607357358059e-01 9.437424783511720872e-01 -9.528939862225346280e-01 9.621342366250862366e-01 -9.714640900986366567e-01 9.808844155276840171e-01 -9.903960902223332141e-01 -2.892174301078017651e-01
6.050511149763765186e+07 -2.470031332268340141e+07 1.008353613665436953e+07 -4.116453896390025038e+06 1.680481177580912365e+06 -6.860314871205738746e+05 2.800621676693583140e+05 -1.143312212809182820e+05 4.667402337262017681e+04 -1.905397697480449278e+04 7.778503165624968460e+03 -3.175458413623829529e+03 1.296333744674153195e+03 -5.292090018786134351e+02 2.160417167415130848e+02 -8.819582283546635892e+01 3.600463504431274231e+01 -1.469835762054771422e+01 6.000386241260868836e+00 -2.449568582681625806e+00 -1.902965356935919505e+00
5.165954403920616084e-02 5.990913378095723968e-02 6.947611282942683930e-02 8.057085705054110869e-02 9.343733754645473788e-02 1.083584855289991683e-01 1.256624139177842936e-01 1.457296324745929461e-01 1.690014151333628367e-01 1.959895035215899195e-01 2.272873600515571135e-01 2.635832180345077380e-01 3.056752157870420428e-01 3.544889475255671440e-01 4.110978169892937073e-01 4.767466413636881617e-01 5.528790245497129385e-01 6.411691017113142488e-01 7.435583531571096083e-01 8.622982970858226182e-01 3.742334034436710088e-01
2.327197177390887802e-28 -5.603914782173391708e-27 1.349428453719145252e-25 -3.249437620820874495e-24 7.824679272550468553e-23 -1.884190831237255283e-21 4.537150935978687849e-20 -1.092550620381409969e-18 2.630873151321168384e-17 -6.335169656419469427e-16 1.525515380909313448e-14 -3.673456755862446926e-13 8.845721718746564836e-12 -2.130058904344827580e-10 5.129203789401594961e-09 -1.235117557526130059e-07 2.974175804949425830e-06 -7.161845983684371009e-05 1.724579892306942700e-03 -4.152806150432430954e-02 -6.056076962757400706e-01
9.360068807499983814e+05 -4.706684518903902499e+05 2.366743195599066967e+05 -1.190110221200668166e+05 5.984436086010571307e+04 -3.009257010784625891e+04 1.513196502862680245e+04 -7.609066450853987590e+03 3.826197862867109052e+03 -1.923992934003850678e+03 9.674744858392898550e+02 -4.864918494280317418e+02 2.446310709213073551e+02 -1.230120523714111584e+02 6.185626777350140770e+01 -3.110425189325874129e+01 1.564068639546574957e+01 -7.864875572664923098e+00 3.954830766981786816e+00 -1.988675631414481559e+00 -7.236622077740406667e-01
1.211946057335199118e+09 -4.259014568946993351e+08 1.496700697916113436e+08 -5.259697854699826241e+07 1.848360300843828544e+07 -6.495498213234277442e+06 2.282644623933336232e+06 -8.021657936192911584e+05 2.818966884753496270e+05 -9.906398852390212414e+04 3.481301563115725003e+04 -1.223397195483181349e+04 4.299256099424444074e+03 -1.510842355751696687e+03 5.309394395553504182e+02 -1.865824633537601471e+02 6.556871280896433518e+01 -2.304212315641400366e+01 8.097451006888793046e+00 -2.845602046472555102e+00 -6.318218637603820742e-01
2.426321126915551130e+00 2.321137488094882073e+00 2.220513673508864638e+00 2.124252009856935963e+00 2.032163393189398981e+00 1.944066917416817031e+00 1.859789518923925966e+00 1.779165636589916666e+00 1.702036886547205086e+00 1.628251751039761386e+00 1.557665280769765070e+00 1.490138810147854986e+00 1.425539684887586311e+00 1.363741001408964815e+00 1.304621357539115678e+00 1.248064614020349961e+00 1.193959666357112148e+00 1.142200226553609088e+00 1.092684614313348845e+00 1.045315557290404485e+00 1.508373535614312644e+00
2.029457323637915965e-11 -6.950418049339277721e-11 2.380356093124730384e-10 -8.152164502701621603e-10 2.791926227805193965e-09 -9.561696232851202374e-09 3.274657974082405193e-08 -1.121493988731733188e-07 3.840855370899758667e-07 -1.315403393009029860e-06 4.504949859474481997e-06 -1.542840268182267254e-05 5.283868117019191858e-05 -1.809601606454416670e-04 6.197463489928567611e-04 -2.122486715971264298e-03 7.269022022954113420e-03 -2.489470524012800737e-02 8.525855982219095186e-02 -2.919906844784452282e-01 -2.808298990356127289e-01
2.855654815368614436e+04 1.709702018080774360e+04 1.023611458534127632e+04 6.128438797882158724e+03 3.669142406159878192e+03 2.196743157708135186e+03 1.315206652332707563e+03 7.874241156826349197e+02 4.714367410314231392e+02 2.822527229835392859e+02 1.689868283437681100e+02 1.011736852414760932e+02 6.057344637842458468e+01 3.626577797776724310e+01 2.171259406499884648e+01 1.299949338796585963e+01 7.782894473036659377e+00 4.659677463623297378e+00 2.789783947375971795e+00 1.670264633935584442e+00 1.735050766578049464e+00
4.987704293315961258e+05 2.588246662216208060e+05 1.343107046953589888e+05 6.969724199438381766e+04 3.616767220931388874e+04 1.876832533984318070e+04 9.739361549828698116e+03 5.054002511183782190e+03 2.622650494323341718e+03 1.360960070786230744e+03 7.062368082531496611e+02 3.664842489048594416e+02 1.901780013811110734e+02 9.868820370149968824e+01 5.121181986927765450e+01 2.657511633564658027e+01 1.379050402926271168e+01 7.156243418811133239e+00 3.713556789556706317e+00 1.927059103804734441e+00 8.358406413610638408e-01
2.043075114396860299e+05 -1.108587857047356665e+05 6.015280731152441876e+04 -3.263936371353214417e+04 1.771036317734978365e+04 -9.609775687618146549e+03 5.214336252824145959e+03 -2.829337899379754163e+03 1.535219932264812087e+03 -8.330218320476507188e+02 4.520038843192456852e+02 -2.452606925528924080e+02 1.330802884628290315e+02 -7.221036111822282066e+01 3.918188270444405674e+01 -2.126038297677738598e+01 1.153604301581911606e+01 -6.259543330343201539e+00 3.396475086883329109e+00 -1.842952817324233328e+00 -4.592460228749961626e-01
4.067356356729236566e+00 3.791810397100072283e+00 3.534931495188224027e+00 3.295455037844253976e+00 3.072202084039201253e+00 2.864073560945631147e+00 2.670044853209311064e+00 2.489160758774541460e+00 2.320530786430702541e+00 2.163324771929860724e+00 2.016768791093623836e+00 1.880141349789484329e+00 1.752769832019937857e+00 1.634027188638338179e+00 1.523328850390060163e+00 1.420129850081894407e+00 1.323922139712127466e+00 1.234232089353562545e+00 1.150618155476493154e+00 1.072668707232803165e+00 7.299968771315601401e-01
7.226002521259911060e+08 2.605872743418248594e+08 9.397412656460238993e+07 3.388936196475843340e+07 1.222133044874738157e+07 4.407309824622852728e+06 1.589383412196993362e+06 5.731704217511250172e+05 2.066992330794780864e+05 7.454078461535781389e+04 2.688122490002996710e+04 9.694025302453175755e+03 3.495901950677018249e+03 1.260707504616750157e+03 4.546418734338909076e+02 1.639549477753872679e+02 5.912615284860852682e+01 2.132233273902953741e+01 7.689353213932140108e+00 2.772968303809500767e+00 6.458005367216617110e-01
4.371080641686473245e+04 2.561883507593326067e+04 1.501515905217071486e+04 8.800361167623119400e+03 5.157877876053046748e+03 3.023024132481468769e+03 1.771789702116504486e+03 1.038443165172230238e+03 6.086299102002635664e+02 3.567170356684310377e+02 2.090712950571281397e+02 1.225363580826960685e+02 7.181836726111953340e+01 4.209263239708945292e+01 2.467042582121888472e+01 1.445929787566215552e+01 8.474571803998095731e+00 4.966933241067256866e+00 2.911111781433013856e+00 1.706198048713282844e+00 1.796613031143669437e+00
4.792759909128138679e+04 2.796123761032910625e+04 1.631274721715629494e+04 9.516950768750622956e+03 5.552243943286704052e+03 3.239211124952670616e+03 1.889774444205349027e+03 1.102505305214959208e+03 6.432079509564201771e+02 3.752512266531841760e+02 2.189237289360872012e+02 1.277213655468664939e+02 7.451338096802952293e+01 4.347153602307317755e+01 2.536154472733118581e+01 1.479607140210154625e+01 8.632113354679114892e+00 5.036024694869077223e+00 2.938045839444836549e+00 1.714072880435612234e+00 5.798759226682272949e-01
9.646201834933742668e-04 -1.365018469017507084e-03 1.931615627210953121e-03 -2.733398130481786131e-03 3.867987623660573953e-03 -5.473526922385910966e-03 7.745499697780937505e-03 -1.096053174105403663e-02 1.551007174928569973e-02 -2.194805246235766172e-02 3.105833516937722694e-02 -4.395014934230546261e-02 6.219314772272403757e-02 -8.800852059761564428e-02 1.245394385296709899e-01 -1.762337515045776515e-01 2.493855403240613500e-01 -3.529014572507047642e-01 4.993851622986623662e-01 -7.066718915442034010e-01 -7.295784291432296786e-01
2.638593172393519093e-01 2.820355233191024213e-01 3.014638150591590349e-01 3.222304435998238903e-01 3.444276015752115727e-01 3.681538323988376993e-01 3.935144677432438898e-01 4.206220951558331533e-01 4.495970578868768164e-01 4.805679891486614452e-01 5.136723831775968918e-01 5.490572056344940055e-01 5.868795460528605235e-01 6.273073152317322210e-01 6.705199906690901823e-01 7.167094133451833438e-01 7.660806393930474911e-01 8.188528504371772598e-01 8.752603266417640082e-01 9.355534867883097405e-01 9.328477058379804898e-01
3.191899468102661896e-01 -3.379455593732367258e-01 3.578032523937141329e-01 -3.788277841583574390e-01 4.010877181530400626e-01 -4.246556466564900267e-01 4.496084274723006757e-01 -4.760274345713227384e-01 5.039988234618120178e-01 -5.336138121527361777e-01 5.649689786264960878e-01 -5.981665757911537318e-01 6.333148649392654761e-01 -6.705284688007666638e-01 7.099287453412574944e-01 -7.516441835246888692e-01 7.958108223310772500e-01 -8.425726943957164705e-01 8.920822957166436584e-01 -9.445010829621338644e-01 -4.856621730879056020e-01
1.249086867109019518e+09 4.382914614991331697e+08 1.537918701104075015e+08 5.396395182136859000e+07 1.893538386709506810e+07 6.644227305315070786e+06 2.331389571742909960e+06 8.180601122546696570e+05 2.870487006432918133e+05 1.007223739511103340e+05 3.534242305090327864e+04 1.240128501851350484e+04 4.351480652271714462e+03 1.526888853762090321e+03 5.357692606367892267e+02 1.879958059396626027e+02 6.596575363225765898e+01 2.314669005790653600e+01 8.121930412916480435e+00 2.849900070689581177e+00 4.863100303230570853e-01
4.370886768846233463e+04 2.561775560334451075e+04 1.501455967311461791e+04 8.800029388526445473e+03 5.157694859183631706e+03 3.022923570588632629e+03 1.771734692165700380e+03 1.038413226839289564e+03 6.086137131269416614e+02 3.567083336694535660e+02 2.090666584811225732e+02 1.225339123390525629e+02 7.181709308502838951e+01 4.209197895283257651e+01 2.467009755000862725e+01 1.445913754278319807e+01 8.474496627235648560e+00 4.966900195293702858e+00 2.911098869368000219e+00 1.706194264838561736e+00 1.175157301219067252e+00
9.075541508737235574e+01 -7.244007980330614771e+01 5.782095929876371088e+01 -4.615212108141140135e+01 3.683816917162080529e+01 -2.940386435377788388e+01 2.346987535964262506e+01 -1.873342370137778445e+01 1.495283456761769258e+01 -1.193520550064206631e+01 9.526563655766562277e+00 -7.604009422585147782e+00 6.069445540708048092e+00 -4.844571741613764360e+00 3.866889520999752250e+00 -3.086513187363138844e+00 2.463624472339087657e+00 -1.966440825705099149e+00 1.569593728433917867e+00 -1.252834278120581235e+00 -4.917001779157522678e-01
7.773975912585484505e+09 2.489493697393609047e+09 7.972212596297199726e+08 2.552975882088003755e+08 8.175504323041066527e+07 2.618076864925085753e+07 8.383979996608139016e+06 2.684837925319535192e+06 8.597771807841086993e+05 2.753301395312687964e+05 8.817015318454132648e+04 2.823510686414556403e+04 9.041849546990408271e+03 2.895510317130322164e+03 9.272417056971222564e+02 2.969345941188755091e+02 9.508864047293140231e+01 3.045064376490458002e+01 9.751340444930194806e+00 3.122713634794294535e+00 -5.361491619315752466e-01
1.330336521642776966e+09 -4.653325561341123581e+08 1.627666265456785262e+08 -5.693342184599889070e+07 1.991449102242589742e+07 -6.965802156684397720e+06 2.436537274863187689e+06 -8.522656484150710749e+05 2.981102497227942222e+05 -1.042746720521409006e+05 3.647377854901761020e+04 -1.275800245123344212e+04 4.462565520238990757e+03 -1.560941150352308341e+03 5.459947341529899631e+02 -1.909810947424315088e+02 6.680243648430041503e+01 -2.336653021210016945e+01 8.173275749924286515e+00 -2.858894148079688335e+00 -3.662134481917650453e-01
8.875603601766682971e+01 -7.092314781349271868e+01 5.667324862022117316e+01 -4.528644325849231222e+01 3.618747809478651334e+01 -2.891667962056358476e+01 2.310673206041357375e+01 -1.846412082983607661e+01 1.475430437880294754e+01 -1.178986531276379779e+01 9.421042193816289156e+00 -7.528163695099966191e+00 6.015602887058496329e+00 -4.806946230239482531e+00 3.841133215446054905e+00 -3.069371628496016413e+00 2.452672600870017483e+00 -1.959880918690228624e+00 1.566101082583757576e+00 -1.251439604049575216e+00 -4.270326567454348909e-01
1.172825677125251076e+01 1.036983371413172250e+01 9.168749743126486607e+00 8.106781089220284287e+00 7.167814747894902361e+00 6.337604000243356239e+00 5.603552250802326107e+00 4.954521902325563332e+00 4.380665367599454463e+00 3.873275654282144487e+00 3.424654255724584928e+00 3.027994343311507297e+00 2.677277488026764463e+00 2.367182344223259349e+00 2.093003910077440466e+00 1.850582139685938099e+00 1.636238823652208962e+00 1.446721780466942553e+00 1.279155511910967435e+00 1.130997573786507893e+00 4.452839154197341109e-01
1.050313942711201072e+09 -3.717518805786541104e+08 1.315791927478638142e+08 -4.657161098211700469e+07 1.648372287574209459e+07 -5.834307942420074716e+06 2.065015859801849118e+06 -7.308991131970211864e+05 2.586970512291624618e+05 -9.156416132717872097e+04 3.240854737119825222e+04 -1.147079738936503963e+04 4.060015132452352645e+03 -1.437016304640225371e+03 5.086227002692294832e+02 -1.800237411321024865e+02 6.371824803345077015e+01 -2.255266503695803948e+01 7.982371078410897880e+00 -2.825309023524842367e+00 -1.140297571209607952e+00
1.529090353040368855e+07 6.686694642227936536e+06 2.924083926727864891e+06 1.278698560055583948e+06 5.591734192519962089e+05 2.445258973188935488e+05 1.069308954985642631e+05 4.676075842066398764e+04 2.044842622780669626e+04 8.942073424738848189e+03 3.910358491289985068e+03 1.709995300206367574e+03 7.477789909137567292e+02 3.270028983030031782e+02 1.429979937894468947e+02 6.253285929245507191e+01 2.734554791759998338e+01 1.195817685892991378e+01 5.229297076816346035e+00 2.286765636617873021e+00 1.398246550737637595e+00
5.180761323277138877e-13 -2.131443896146810835e-12 8.769083922105384314e-12 -3.607734314374399994e-11 1.484276692837209242e-10 -6.106539753002261143e-10 2.512323203278025831e-09 -1.033607924131829146e-08 4.252419988933568977e-08 -1.749510171129010197e-07 7.197750567557296937e-07 -2.961263906190291526e-06 1.218308948024764897e-05 -5.012308054457572336e-05 2.062139662809861463e-04 -8.483955779916168595e-04 3.490428266022329879e-03 -1.436015202847748876e-02 5.907984653011828791e-02 -2.430634619397129548e-01 -2.989270466993532160e-02
2.220838457377135754e+09 -7.571660293463212252e+08 2.581459241628748775e+08 -8.801150022464162111e+07 3.000637796979047358e+07 -1.023028486695238017e+07 3.487882761603621766e+06 -1.189148329387212638e+06 4.054246790778744617e+05 -1.382242789594630303e+05 4.712577275098134851e+04 -1.606692018287496467e+04 5.477807770430656092e+03 -1.867587417392723182e+03 6.367296750410447430e+02 -2.170847133056156508e+02 7.401221365714347655e+01 -2.523350302754345620e+01 8.603035142154395132e+00 -2.933093101514916867e+00 2.599118270235591943e-01
2.669882866352664496e+04 1.603864216029161616e+04 9.634806290108801477e+03 5.787864790558573077e+03 3.476912542411825143e+03 2.088666764866493395e+03 1.254713427917204626e+03 7.537371746786860740e+02 4.527884342767206931e+02 2.720011339525106564e+02 1.633977621129697297e+02 9.815704911064106852e+01 5.896535035435493199e+01 3.542193427690256158e+01 2.127882596095754053e+01 1.278271340963919656e+01 7.678889916801447058e+00 4.612897783493315806e+00 2.771081001486864981e+00 1.664656421453647894e+00 -4.540481721540204907e-01
7.687053368807994502e+02 -5.514065255948661388e+02 3.955340777291229983e+02 -2.837238940475907043e+02 2.035203856914130824e+02 -1.459889288881458356e+02 1.047205531057880989e+02 -7.511798549590321272e+01 5.388351739569682763e+01 -3.865164151787203650e+01 2.772553582675724471e+01 -1.988803855912198770e+01 1.426605711790798559e+01 -1.023330606919328289e+01 7.340539312318735909e+00 -5.265504327864259260e+00 3.777043436063184156e+00 -2.709342966905211814e+00 1.943461714586419253e+00 -1.394080956970010110e+00 -1.776901441765699641e+00
3.427783123616058379e+07 1.439669053766330518e+07 6.046610621578508057e+06 2.539576711282163858e+06 1.066622323830579408e+06 4.479814201475173468e+05 1.881522150002021517e+05 7.902393808614852605e+04 3.319005726632942969e+04 1.393982542532025218e+04 5.854727255488558512e+03 2.458985689583920248e+03 1.032774091382321330e+03 4.337651611185506226e+02 1.821813856197427981e+02 7.651618949927235747e+01 3.213680275606646575e+01 1.349745848742431953e+01 5.668933123266358010e+00 2.380952146362114163e+00 1.561848220208324367e+00
